1
1
5
0
(204 0
((160,160,0) (175,167,7) (0,0,0))
((160,168,0) (175,175,7) (0,0,0))
((160,160,8) (175,167,15) (0,0,0))
((160,168,8) (175,175,15) (0,0,0))
((176,160,0) (191,167,7) (0,0,0))
((176,168,0) (191,175,7) (0,0,0))
((176,160,8) (191,167,15) (0,0,0))
((176,168,8) (191,175,15) (0,0,0))
((160,176,0) (175,183,7) (0,0,0))
((160,184,0) (175,191,7) (0,0,0))
((160,176,8) (175,183,15) (0,0,0))
((160,184,8) (175,191,15) (0,0,0))
((176,176,0) (191,183,7) (0,0,0))
((176,184,0) (191,191,7) (0,0,0))
((176,176,8) (191,183,15) (0,0,0))
((176,184,8) (191,191,15) (0,0,0))
((160,160,16) (175,167,23) (0,0,0))
((160,168,16) (175,175,23) (0,0,0))
((176,160,16) (191,167,23) (0,0,0))
((176,168,16) (191,175,23) (0,0,0))
((160,176,16) (175,183,23) (0,0,0))
((160,184,16) (175,191,23) (0,0,0))
((176,176,16) (191,183,23) (0,0,0))
((176,184,16) (191,191,23) (0,0,0))
((192,160,0) (207,167,7) (0,0,0))
((192,168,0) (207,175,7) (0,0,0))
((192,160,8) (207,167,15) (0,0,0))
((192,168,8) (207,175,15) (0,0,0))
((208,160,0) (223,167,7) (0,0,0))
((208,168,0) (223,175,7) (0,0,0))
((208,160,8) (223,167,15) (0,0,0))
((208,168,8) (223,175,15) (0,0,0))
((192,176,0) (207,183,7) (0,0,0))
((192,184,0) (207,191,7) (0,0,0))
((192,176,8) (207,183,15) (0,0,0))
((192,184,8) (207,191,15) (0,0,0))
((208,176,0) (223,183,7) (0,0,0))
((208,184,0) (223,191,7) (0,0,0))
((208,176,8) (223,183,15) (0,0,0))
((208,184,8) (223,191,15) (0,0,0))
((192,160,16) (207,167,23) (0,0,0))
((192,168,16) (207,175,23) (0,0,0))
((208,160,16) (223,167,23) (0,0,0))
((208,168,16) (223,175,23) (0,0,0))
((192,176,16) (207,183,23) (0,0,0))
((192,184,16) (207,191,23) (0,0,0))
((208,176,16) (223,183,23) (0,0,0))
((208,184,16) (223,191,23) (0,0,0))
((160,192,0) (175,199,7) (0,0,0))
((160,200,0) (175,207,7) (0,0,0))
((160,192,8) (175,199,15) (0,0,0))
((160,200,8) (175,207,15) (0,0,0))
((176,192,0) (191,199,7) (0,0,0))
((176,200,0) (191,207,7) (0,0,0))
((176,192,8) (191,199,15) (0,0,0))
((176,200,8) (191,207,15) (0,0,0))
((160,208,0) (175,215,7) (0,0,0))
((160,216,0) (175,223,7) (0,0,0))
((160,208,8) (175,215,15) (0,0,0))
((160,216,8) (175,223,15) (0,0,0))
((176,208,0) (191,215,7) (0,0,0))
((176,216,0) (191,223,7) (0,0,0))
((176,208,8) (191,215,15) (0,0,0))
((176,216,8) (191,223,15) (0,0,0))
((160,192,16) (175,199,23) (0,0,0))
((160,200,16) (175,207,23) (0,0,0))
((176,192,16) (191,199,23) (0,0,0))
((176,200,16) (191,207,23) (0,0,0))
((160,208,16) (175,215,23) (0,0,0))
((160,216,16) (175,223,23) (0,0,0))
((176,208,16) (191,215,23) (0,0,0))
((176,216,16) (191,223,23) (0,0,0))
((192,192,0) (207,199,7) (0,0,0))
((192,200,0) (207,207,7) (0,0,0))
((192,192,8) (207,199,15) (0,0,0))
((192,200,8) (207,207,15) (0,0,0))
((208,192,0) (223,199,7) (0,0,0))
((208,200,0) (223,207,7) (0,0,0))
((208,192,8) (223,199,15) (0,0,0))
((208,200,8) (223,207,15) (0,0,0))
((192,208,0) (207,215,7) (0,0,0))
((192,216,0) (207,223,7) (0,0,0))
((192,208,8) (207,215,15) (0,0,0))
((192,216,8) (207,223,15) (0,0,0))
((208,208,0) (223,215,7) (0,0,0))
((208,216,0) (223,223,7) (0,0,0))
((208,208,8) (223,215,15) (0,0,0))
((208,216,8) (223,223,15) (0,0,0))
((192,192,16) (207,199,23) (0,0,0))
((192,200,16) (207,207,23) (0,0,0))
((208,192,16) (223,199,23) (0,0,0))
((208,200,16) (223,207,23) (0,0,0))
((192,208,16) (207,215,23) (0,0,0))
((192,216,16) (207,223,23) (0,0,0))
((208,208,16) (223,215,23) (0,0,0))
((208,216,16) (223,223,23) (0,0,0))
((168,168,24) (183,175,31) (0,0,0))
((168,176,24) (183,183,31) (0,0,0))
((168,168,32) (183,175,39) (0,0,0))
((168,176,32) (183,183,39) (0,0,0))
((184,168,24) (199,175,31) (0,0,0))
((184,176,24) (199,183,31) (0,0,0))
((184,168,32) (199,175,39) (0,0,0))
((184,176,32) (199,183,39) (0,0,0))
((168,184,24) (183,191,31) (0,0,0))
((168,192,24) (183,199,31) (0,0,0))
((168,184,32) (183,191,39) (0,0,0))
((168,192,32) (183,199,39) (0,0,0))
((184,184,24) (199,191,31) (0,0,0))
((184,192,24) (199,199,31) (0,0,0))
((184,184,32) (199,191,39) (0,0,0))
((184,192,32) (199,199,39) (0,0,0))
((168,168,40) (183,175,47) (0,0,0))
((168,176,40) (183,183,47) (0,0,0))
((168,168,48) (183,175,55) (0,0,0))
((168,176,48) (183,183,55) (0,0,0))
((184,168,40) (199,175,47) (0,0,0))
((184,176,40) (199,183,47) (0,0,0))
((184,168,48) (199,175,55) (0,0,0))
((184,176,48) (199,183,55) (0,0,0))
((168,184,40) (183,191,47) (0,0,0))
((168,192,40) (183,199,47) (0,0,0))
((168,184,48) (183,191,55) (0,0,0))
((168,192,48) (183,199,55) (0,0,0))
((184,184,40) (199,191,47) (0,0,0))
((184,192,40) (199,199,47) (0,0,0))
((184,184,48) (199,191,55) (0,0,0))
((184,192,48) (199,199,55) (0,0,0))
((200,168,24) (215,175,31) (0,0,0))
((200,176,24) (215,183,31) (0,0,0))
((200,168,32) (215,175,39) (0,0,0))
((200,176,32) (215,183,39) (0,0,0))
((200,184,24) (215,191,31) (0,0,0))
((200,192,24) (215,199,31) (0,0,0))
((200,184,32) (215,191,39) (0,0,0))
((200,192,32) (215,199,39) (0,0,0))
((200,168,40) (215,175,47) (0,0,0))
((200,176,40) (215,183,47) (0,0,0))
((200,168,48) (215,175,55) (0,0,0))
((200,176,48) (215,183,55) (0,0,0))
((200,184,40) (215,191,47) (0,0,0))
((200,192,40) (215,199,47) (0,0,0))
((200,184,48) (215,191,55) (0,0,0))
((200,192,48) (215,199,55) (0,0,0))
((168,200,24) (183,207,31) (0,0,0))
((168,208,24) (183,215,31) (0,0,0))
((168,200,32) (183,207,39) (0,0,0))
((168,208,32) (183,215,39) (0,0,0))
((184,200,24) (199,207,31) (0,0,0))
((184,208,24) (199,215,31) (0,0,0))
((184,200,32) (199,207,39) (0,0,0))
((184,208,32) (199,215,39) (0,0,0))
((168,200,40) (183,207,47) (0,0,0))
((168,208,40) (183,215,47) (0,0,0))
((168,200,48) (183,207,55) (0,0,0))
((168,208,48) (183,215,55) (0,0,0))
((184,200,40) (199,207,47) (0,0,0))
((184,208,40) (199,215,47) (0,0,0))
((184,200,48) (199,207,55) (0,0,0))
((184,208,48) (199,215,55) (0,0,0))
((200,200,24) (215,207,31) (0,0,0))
((200,208,24) (215,215,31) (0,0,0))
((200,200,32) (215,207,39) (0,0,0))
((200,208,32) (215,215,39) (0,0,0))
((200,200,40) (215,207,47) (0,0,0))
((200,208,40) (215,215,47) (0,0,0))
((200,200,48) (215,207,55) (0,0,0))
((200,208,48) (215,215,55) (0,0,0))
((168,168,56) (183,175,63) (0,0,0))
((168,176,56) (183,183,63) (0,0,0))
((168,168,64) (183,175,71) (0,0,0))
((168,176,64) (183,183,71) (0,0,0))
((184,168,56) (199,175,63) (0,0,0))
((184,176,56) (199,183,63) (0,0,0))
((184,168,64) (199,175,71) (0,0,0))
((184,176,64) (199,183,71) (0,0,0))
((168,184,56) (183,191,63) (0,0,0))
((168,192,56) (183,199,63) (0,0,0))
((168,184,64) (183,191,71) (0,0,0))
((168,192,64) (183,199,71) (0,0,0))
((184,184,56) (199,191,63) (0,0,0))
((184,192,56) (199,199,63) (0,0,0))
((184,184,64) (199,191,71) (0,0,0))
((184,192,64) (199,199,71) (0,0,0))
((200,168,56) (215,175,63) (0,0,0))
((200,176,56) (215,183,63) (0,0,0))
((200,168,64) (215,175,71) (0,0,0))
((200,176,64) (215,183,71) (0,0,0))
((200,184,56) (215,191,63) (0,0,0))
((200,192,56) (215,199,63) (0,0,0))
((200,184,64) (215,191,71) (0,0,0))
((200,192,64) (215,199,71) (0,0,0))
((168,200,56) (183,207,63) (0,0,0))
((168,208,56) (183,215,63) (0,0,0))
((168,200,64) (183,207,71) (0,0,0))
((168,208,64) (183,215,71) (0,0,0))
((184,200,56) (199,207,63) (0,0,0))
((184,208,56) (199,215,63) (0,0,0))
((184,200,64) (199,207,71) (0,0,0))
((184,208,64) (199,215,71) (0,0,0))
((200,200,56) (215,207,63) (0,0,0))
((200,208,56) (215,215,63) (0,0,0))
((200,200,64) (215,207,71) (0,0,0))
((200,208,64) (215,215,71) (0,0,0))
)
204
FabOnDisk: Cell_D_00116 0
FabOnDisk: Cell_D_00112 0
FabOnDisk: Cell_D_00111 0
FabOnDisk: Cell_D_00188 0
FabOnDisk: Cell_D_00140 0
FabOnDisk: Cell_D_00144 0
FabOnDisk: Cell_D_00108 0
FabOnDisk: Cell_D_00124 0
FabOnDisk: Cell_D_00143 0
FabOnDisk: Cell_D_00145 0
FabOnDisk: Cell_D_00117 0
FabOnDisk: Cell_D_00119 0
FabOnDisk: Cell_D_00151 0
FabOnDisk: Cell_D_00155 0
FabOnDisk: Cell_D_00190 0
FabOnDisk: Cell_D_00153 0
FabOnDisk: Cell_D_00114 0
FabOnDisk: Cell_D_00194 0
FabOnDisk: Cell_D_00156 0
FabOnDisk: Cell_D_00191 0
FabOnDisk: Cell_D_00193 0
FabOnDisk: Cell_D_00147 0
FabOnDisk: Cell_D_00121 0
FabOnDisk: Cell_D_00138 0
FabOnDisk: Cell_D_00172 0
FabOnDisk: Cell_D_00128 0
FabOnDisk: Cell_D_00134 0
FabOnDisk: Cell_D_00118 0
FabOnDisk: Cell_D_00185 0
FabOnDisk: Cell_D_00175 0
FabOnDisk: Cell_D_00163 0
FabOnDisk: Cell_D_00199 0
FabOnDisk: Cell_D_00127 0
FabOnDisk: Cell_D_00180 0
FabOnDisk: Cell_D_00130 0
FabOnDisk: Cell_D_00165 0
FabOnDisk: Cell_D_00192 0
FabOnDisk: Cell_D_00173 0
FabOnDisk: Cell_D_00197 0
FabOnDisk: Cell_D_00131 0
FabOnDisk: Cell_D_00120 0
FabOnDisk: Cell_D_00136 0
FabOnDisk: Cell_D_00154 0
FabOnDisk: Cell_D_00115 0
FabOnDisk: Cell_D_00176 0
FabOnDisk: Cell_D_00189 0
FabOnDisk: Cell_D_00157 0
FabOnDisk: Cell_D_00158 0
FabOnDisk: Cell_D_00074 0
FabOnDisk: Cell_D_00050 0
FabOnDisk: Cell_D_00030 0
FabOnDisk: Cell_D_00069 0
FabOnDisk: Cell_D_00089 0
FabOnDisk: Cell_D_00003 0
FabOnDisk: Cell_D_00001 0
FabOnDisk: Cell_D_00139 0
FabOnDisk: Cell_D_00139 41055
FabOnDisk: Cell_D_00170 0
FabOnDisk: Cell_D_00133 0
FabOnDisk: Cell_D_00168 0
FabOnDisk: Cell_D_00048 0
FabOnDisk: Cell_D_00035 0
FabOnDisk: Cell_D_00031 0
FabOnDisk: Cell_D_00080 0
FabOnDisk: Cell_D_00027 0
FabOnDisk: Cell_D_00044 0
FabOnDisk: Cell_D_00045 0
FabOnDisk: Cell_D_00066 0
FabOnDisk: Cell_D_00038 0
FabOnDisk: Cell_D_00015 0
FabOnDisk: Cell_D_00102 0
FabOnDisk: Cell_D_00103 0
FabOnDisk: Cell_D_00006 0
FabOnDisk: Cell_D_00013 0
FabOnDisk: Cell_D_00129 0
FabOnDisk: Cell_D_00106 0
FabOnDisk: Cell_D_00187 0
FabOnDisk: Cell_D_00187 41054
FabOnDisk: Cell_D_00019 0
FabOnDisk: Cell_D_00018 0
FabOnDisk: Cell_D_00005 0
FabOnDisk: Cell_D_00007 0
FabOnDisk: Cell_D_00077 0
FabOnDisk: Cell_D_00060 0
FabOnDisk: Cell_D_00084 0
FabOnDisk: Cell_D_00017 0
FabOnDisk: Cell_D_00020 0
FabOnDisk: Cell_D_00008 0
FabOnDisk: Cell_D_00014 0
FabOnDisk: Cell_D_00026 0
FabOnDisk: Cell_D_00068 0
FabOnDisk: Cell_D_00093 0
FabOnDisk: Cell_D_00105 0
FabOnDisk: Cell_D_00104 0
FabOnDisk: Cell_D_00075 0
FabOnDisk: Cell_D_00040 0
FabOnDisk: Cell_D_00160 0
FabOnDisk: Cell_D_00122 0
FabOnDisk: Cell_D_00178 0
FabOnDisk: Cell_D_00141 0
FabOnDisk: Cell_D_00123 0
FabOnDisk: Cell_D_00186 0
FabOnDisk: Cell_D_00137 0
FabOnDisk: Cell_D_00149 0
FabOnDisk: Cell_D_00167 0
FabOnDisk: Cell_D_00047 0
FabOnDisk: Cell_D_00109 0
FabOnDisk: Cell_D_00065 0
FabOnDisk: Cell_D_00161 0
FabOnDisk: Cell_D_00067 0
FabOnDisk: Cell_D_00196 0
FabOnDisk: Cell_D_00055 0
FabOnDisk: Cell_D_00198 0
FabOnDisk: Cell_D_00166 0
FabOnDisk: Cell_D_00110 0
FabOnDisk: Cell_D_00126 0
FabOnDisk: Cell_D_00164 0
FabOnDisk: Cell_D_00171 0
FabOnDisk: Cell_D_00174 0
FabOnDisk: Cell_D_00113 0
FabOnDisk: Cell_D_00125 0
FabOnDisk: Cell_D_00090 0
FabOnDisk: Cell_D_00182 0
FabOnDisk: Cell_D_00062 0
FabOnDisk: Cell_D_00169 0
FabOnDisk: Cell_D_00071 0
FabOnDisk: Cell_D_00183 0
FabOnDisk: Cell_D_00142 0
FabOnDisk: Cell_D_00146 0
FabOnDisk: Cell_D_00181 0
FabOnDisk: Cell_D_00179 0
FabOnDisk: Cell_D_00097 0
FabOnDisk: Cell_D_00162 0
FabOnDisk: Cell_D_00024 0
FabOnDisk: Cell_D_00041 0
FabOnDisk: Cell_D_00083 0
FabOnDisk: Cell_D_00184 0
FabOnDisk: Cell_D_00037 0
FabOnDisk: Cell_D_00042 0
FabOnDisk: Cell_D_00070 0
FabOnDisk: Cell_D_00036 0
FabOnDisk: Cell_D_00032 0
FabOnDisk: Cell_D_00049 0
FabOnDisk: Cell_D_00100 0
FabOnDisk: Cell_D_00051 0
FabOnDisk: Cell_D_00107 0
FabOnDisk: Cell_D_00085 0
FabOnDisk: Cell_D_00072 0
FabOnDisk: Cell_D_00056 0
FabOnDisk: Cell_D_00079 0
FabOnDisk: Cell_D_00016 0
FabOnDisk: Cell_D_00098 0
FabOnDisk: Cell_D_00095 0
FabOnDisk: Cell_D_00043 0
FabOnDisk: Cell_D_00101 0
FabOnDisk: Cell_D_00029 0
FabOnDisk: Cell_D_00063 0
FabOnDisk: Cell_D_00094 0
FabOnDisk: Cell_D_00148 0
FabOnDisk: Cell_D_00022 0
FabOnDisk: Cell_D_00012 0
FabOnDisk: Cell_D_00034 0
FabOnDisk: Cell_D_00059 0
FabOnDisk: Cell_D_00054 0
FabOnDisk: Cell_D_00033 0
FabOnDisk: Cell_D_00039 0
FabOnDisk: Cell_D_00028 0
FabOnDisk: Cell_D_00091 0
FabOnDisk: Cell_D_00135 0
FabOnDisk: Cell_D_00177 0
FabOnDisk: Cell_D_00064 0
FabOnDisk: Cell_D_00053 0
FabOnDisk: Cell_D_00150 0
FabOnDisk: Cell_D_00195 0
FabOnDisk: Cell_D_00046 0
FabOnDisk: Cell_D_00096 0
FabOnDisk: Cell_D_00113 41056
FabOnDisk: Cell_D_00010 0
FabOnDisk: Cell_D_00021 0
FabOnDisk: Cell_D_00011 0
FabOnDisk: Cell_D_00152 0
FabOnDisk: Cell_D_00061 0
FabOnDisk: Cell_D_00078 0
FabOnDisk: Cell_D_00073 0
FabOnDisk: Cell_D_00057 0
FabOnDisk: Cell_D_00082 0
FabOnDisk: Cell_D_00081 0
FabOnDisk: Cell_D_00086 0
FabOnDisk: Cell_D_00052 0
FabOnDisk: Cell_D_00099 0
FabOnDisk: Cell_D_00088 0
FabOnDisk: Cell_D_00000 0
FabOnDisk: Cell_D_00132 0
FabOnDisk: Cell_D_00058 0
FabOnDisk: Cell_D_00087 0
FabOnDisk: Cell_D_00004 0
FabOnDisk: Cell_D_00009 0
FabOnDisk: Cell_D_00023 0
FabOnDisk: Cell_D_00002 0
FabOnDisk: Cell_D_00076 0
FabOnDisk: Cell_D_00092 0
FabOnDisk: Cell_D_00025 0
FabOnDisk: Cell_D_00159 0
FabOnDisk: Cell_D_00159 41056

204,5
-2.93045064140830254e-13,1.48215762199489204e-01,2.97999999750842562e+02,-2.14962855041498955e-05,-5.42367108936870395e+01,
1.60312719453398965e-09,1.04716337216755731e-01,2.98000088231692757e+02,-2.14080928621156096e-05,-5.48165898592761494e+01,
4.88053196452751570e-08,8.99910260582989230e-02,2.98008956281252892e+02,-1.98320100241475844e-05,-1.44470136228476331e+01,
1.55240560017702375e-10,3.61021963531528225e-02,3.01478785671972446e+02,5.94826042958014519e-05,1.29102372525273296e+02,
9.28983429820950946e-07,1.05172556897435834e-01,2.98050285663237389e+02,-1.89703393722372484e-05,-2.44049914774219019e+01,
1.41989325049857520e-03,1.05083492146343230e-01,2.98000129908745123e+02,3.57671954035351661e-03,-4.64804168236940707e-01,
-1.71042056229052535e-09,4.13048299934950722e-02,4.45112517802252341e+02,3.34678091094164519e-03,1.45042958861614432e+05,
1.78161123162185397e-10,3.32090898390653977e-02,2.98409013459155858e+02,3.13341260620034756e-02,2.13032681856066901e+01,
9.26894905696918290e-07,1.05142040827985325e-01,2.98011338989255819e+02,-1.89757949106599742e-05,-2.45735275148668144e+01,
6.29980757758856431e-05,1.05126052351678698e-01,2.98000131900830468e+02,1.04546281391667330e-04,-2.11475230028083216e-01,
1.75620502964500636e-10,3.32124905350078686e-02,3.18092873134845547e+02,3.33593246378936737e-03,2.35914721143622119e+04,
-8.10927269348376322e-09,3.32575346296383190e-02,2.98429923770968685e+02,1.24560822947694990e-02,2.50200823280158531e+01,
3.80338926807961622e-02,1.84825273319527195e-01,2.97999999954857117e+02,4.89150418438486639e-02,-2.29256956275880119e+00,
5.49249562442089834e-02,2.19976034797677716e-01,2.97999999954454609e+02,5.50115012993769720e-02,-1.59808903812113745e+00,
1.46321534480188037e-06,3.31992679033908250e-02,2.98000000021337712e+02,5.01329117920662690e-02,-1.49770664864099885e+01,
4.00945952580609305e-02,1.83464508449547509e-01,2.97999999872384308e+02,5.34180680688699158e-02,-1.07110894971807209e+01,
3.22548469436488942e-11,6.80753231087809080e-02,3.02102154964865861e+02,5.14520206171849355e-05,5.32863851698225517e+02,
3.22068279970657340e-11,3.01956344618150678e-02,4.90580792907580246e+02,3.76279054810680800e-03,1.24541081891113354e+05,
-4.38176264552963668e-10,3.40992605509413474e-02,9.98575869902289696e+02,1.54683421228342961e-02,1.96404588278100267e+07,
-8.99132611869421828e-08,2.51573503374752372e-02,6.43692183955698511e+02,3.90556260405699809e-02,4.56194900531389192e+07,
4.80211092919540561e-11,2.51542530966014505e-02,9.97827740152325646e+02,1.54499122338592251e-02,1.95571120521985069e+07,
-9.94414680378122262e-08,2.51689514664616212e-02,6.49972255133101385e+02,2.51738866332823046e-02,3.38912521479095891e+07,
6.83460735733845277e-10,2.51337036259663589e-02,2.98000012575555218e+02,5.08237179096498251e-02,-3.48708825082382319e+01,
7.17024006197349625e-05,3.16302102343774538e-02,2.97999999920425637e+02,5.33289435199665179e-02,-3.28921853761228036e+01,
9.30255270026030872e-07,1.05067475855123563e-01,2.98050378844212673e+02,-1.89681139031636161e-05,-2.43662804989390551e+01,
1.24753108400087144e-03,1.03949800203345169e-01,2.98000129891330175e+02,3.58127127982590335e-03,-4.64515454362331159e-01,
-1.68699936640473800e-09,4.13047733182379806e-02,4.45168647070590112e+02,3.34776694195737306e-03,1.45347168011362723e+05,
1.81013148821767270e-10,3.31898685021554951e-02,2.98409009233532856e+02,3.14000574523910919e-02,2.12399886911273299e+01,
-2.90887640284314059e-13,1.48015111399445509e-01,2.97999999750237578e+02,-2.14962833783338995e-05,-5.40762194822774021e+01,
1.60294485434619837e-09,1.04318513111631039e-01,2.98000089107779786e+02,-2.14079633608926761e-05,-5.47049060725785594e+01,
4.85911765557518606e-08,9.00085280245498526e-02,2.98009004323919271e+02,-1.98325167513107168e-05,-1.44480687441611053e+01,
1.53228322284858072e-10,3.61164624278841467e-02,3.01501041712801566e+02,5.97580152626708467e-05,1.30732262291429549e+02,
3.76818866644371697e-02,1.83853509594250980e-01,2.97999999954883663e+02,4.89311004177265460e-02,-2.32223920408016715e+00,
5.49248285139940923e-02,2.19975679924702044e-01,2.97999999954457394e+02,5.50117227878894749e-02,-1.46714522059467134e+00,
1.38837350334675267e-06,3.31805156069853377e-02,2.98000000021338792e+02,5.01141647765384127e-02,-1.46049836139730260e+01,
3.99662562295642759e-02,1.83109081897121218e-01,2.97999999874052662e+02,5.34131911500631343e-02,-1.09315144871016923e+01,
9.28406682060332113e-07,1.04003892103557927e-01,2.98011361819151716e+02,-1.89726642778510525e-05,-2.45445841714110458e+01,
6.31862692495113325e-05,1.04142251771992378e-01,2.98000131831770830e+02,1.04690509609996714e-04,-2.13037702732284034e-01,
1.77578866846169862e-10,3.31872699248060982e-02,3.18418939912785049e+02,3.33945259634005733e-03,2.44504513501302281e+04,
-7.88059571542060180e-09,3.32357017590349593e-02,2.98430969844600497e+02,1.24586034561994328e-02,2.35100122888160605e+01,
-4.32313951817129067e-10,3.40995318560725624e-02,9.98576299548959923e+02,1.54685664622217899e-02,1.96166551880294904e+07,
-8.97491499250027169e-08,2.51505112545166234e-02,6.43808290854489428e+02,3.90497832144938092e-02,4.55837124737754762e+07,
3.22002405840900849e-11,6.80960862867685257e-02,3.02108386521984585e+02,5.14883426754077222e-05,5.32653083649079690e+02,
3.22620997817904564e-11,3.02048800565443143e-02,4.90666558981492074e+02,3.76318455454309865e-03,1.24598893946367127e+05,
6.87014141766325006e-10,2.51275605517218559e-02,2.98000012588257675e+02,5.08160297234273514e-02,-3.52480853500771119e+01,
6.96281191309826579e-05,3.15548166963906390e-02,2.97999999920026596e+02,5.33282512454344229e-02,-4.37509585653662114e+01,
4.81356713748822829e-11,2.51462474180402969e-02,9.97880734194298498e+02,1.54510790263487768e-02,1.95332147804310992e+07,
-9.77427060975952249e-08,2.51625382292866122e-02,6.51012760270429908e+02,2.51787485667726921e-02,3.38780644913829267e+07,
6.27923030720195117e-05,1.05031404252484639e-01,2.98000131971666860e+02,1.04202797863741604e-04,-1.98862906286297880e-01,
9.18661263528050051e-07,1.03810264743219874e-01,2.98011515152231539e+02,-1.89887882965605707e-05,-2.55662048346428215e+01,
-8.37861374195601786e-09,3.32370149773736842e-02,2.98430648317293787e+02,1.24371601747887868e-02,2.51277373061781972e+01,
1.13590496987347188e-10,3.31753869588786304e-02,3.18984399530536564e+02,3.31717611739443079e-03,2.59322910049531383e+04,
5.49200191533663964e-02,2.19972135308401678e-01,2.97999999954670727e+02,5.50113290928642695e-02,-1.35704817813099310e+00,
3.74575986577195957e-02,1.83258240357284580e-01,2.97999999954717111e+02,4.89225782146062993e-02,-8.88104643202543009e-01,
3.96922163953796828e-02,1.82346306941840730e-01,2.97999999913409852e+02,5.34021985327176457e-02,-9.66785384724783370e+00,
1.24807730815768748e-06,3.31775627745935289e-02,2.98000000028390332e+02,5.00917626413362529e-02,-1.42044155961443295e+01,
1.57081420399111892e-09,1.03818634884654620e-01,2.98000088408386091e+02,-2.14086544217317054e-05,-5.66239679381020977e+01,
-2.84164352986468110e-13,1.48260732978974435e-01,2.97999999753211853e+02,-2.14963361161697400e-05,-5.78484533944863415e+01,
9.73666193059219465e-11,3.61913731897848950e-02,3.01465635247950559e+02,5.87587921829319391e-05,1.30769048233866499e+02,
5.14383643957932944e-08,9.03264648162962341e-02,2.98008887995009275e+02,-1.98480421337451152e-05,-1.37065835687667921e+01,
1.23771358111457929e-03,1.03783799579162450e-01,2.98000133914237608e+02,3.57507068833632377e-03,-6.37035688600631617e-02,
9.16838736667605181e-07,1.03894707045726564e-01,2.98049974632926762e+02,-1.89956189113760610e-05,-2.58417578516794251e+01,
1.10977510974988403e-10,3.31680015079450011e-02,2.98442538504591539e+02,3.13286268783698335e-02,2.70305668728277055e+01,
-1.61703589495021263e-08,4.14630843664906129e-02,4.43485342843291221e+02,3.30541203290624476e-03,1.38827876146212628e+05,
-9.97345773190121164e-08,2.51591000458941325e-02,6.50647708389440822e+02,2.51446154333061500e-02,3.38173428039828017e+07,
4.42073050005237832e-11,2.51390783010773597e-02,9.95968195711111889e+02,1.54021742012289773e-02,1.93057806149702743e+07,
6.32808529407188176e-05,3.13203560318709301e-02,2.97999999915837236e+02,5.33254114527160275e-02,-3.17928449129791098e+01,
4.06656008002038836e-10,2.51285329550053373e-02,2.98000010220677154e+02,5.07871302605800504e-02,-1.08522071176341001e+02,
3.24978621740996546e-11,3.03027458734527293e-02,4.89450749606369584e+02,3.73688727915028052e-03,1.21880135942373177e+05,
3.18140520792416838e-11,6.84372408764956225e-02,3.02063284071728503e+02,5.06051208225579191e-05,3.13542403981015525e+02,
-1.08395401816828994e-07,2.51367385628612494e-02,6.59181179650033755e+02,3.89795777641884778e-02,4.53837462620050013e+07,
-6.44386982920655995e-09,3.42975420950944604e-02,9.95097387260160190e+02,1.53807205178312437e-02,1.92077140360781178e+07,
5.49201530118153883e-02,2.19972146323461654e-01,2.97999999954737063e+02,5.50113830672427986e-02,-1.20117268684810030e+00,
3.74425261018466113e-02,1.83215800582173571e-01,2.97999999954781345e+02,4.89238347760829195e-02,-7.88438388774731602e-01,
3.96765129233002042e-02,1.82302446743637575e-01,2.97999999881673887e+02,5.34018747491957699e-02,-9.56402481495043766e+00,
1.24538445139733172e-06,3.31757149518842401e-02,2.98000000028435522e+02,5.00911294750299857e-02,-1.42589099209705967e+01,
6.29306031810062365e-05,1.04097735374104383e-01,2.98000131918457441e+02,1.04257774085266021e-04,-1.99891438521729303e-01,
9.19931731838076300e-07,1.03780370841513772e-01,2.98011511860798691e+02,-1.89891166237762971e-05,-2.55582425991553919e+01,
-8.18120630190986261e-09,3.32258388871840907e-02,2.98431651741359190e+02,1.24367165324057311e-02,2.36035037278032753e+01,
1.20647048918518846e-10,3.31710204035997602e-02,3.19004562177257640e+02,3.31712943245578975e-03,2.60164190584258577e+04,
1.22938911594086824e-03,1.03733376354603904e-01,2.98000133940204705e+02,3.57571202392710724e-03,-6.28741389516643129e-02,
9.15601388600157385e-07,1.03864987104205247e-01,2.98050041269048450e+02,-1.89956634884715786e-05,-2.58911729726583033e+01,
1.00903206526712811e-10,3.31688491152208748e-02,2.98442606737194353e+02,3.13289986219992336e-02,2.66945476328817399e+01,
-1.61776366445179384e-08,4.14631472032664442e-02,4.43568306352409650e+02,3.30619446895645411e-03,1.39207398542584386e+05,
1.57098881081128183e-09,1.04107632078720591e-01,2.98000088555667048e+02,-2.14086602720199768e-05,-5.66254638849675445e+01,
-2.82068386253245559e-13,1.48203902907314555e-01,2.97999999752916324e+02,-2.14963355699265169e-05,-5.79568816504632949e+01,
9.13064808023657658e-11,3.61930026149851272e-02,3.01469524774650495e+02,5.88074637801424719e-05,1.30252158284680007e+02,
5.08897840049526067e-08,9.03505315770866124e-02,2.98008903524989819e+02,-1.98480687904210358e-05,-1.37072409753658100e+01,
6.32727719697477153e-05,3.13199843175633319e-02,2.97999999915676426e+02,5.33256017204323460e-02,-4.25242774299363546e+01,
4.02970723942125620e-10,2.51292450017530818e-02,2.98000010222870969e+02,5.07873708481379332e-02,-1.07870302115873571e+02,
-9.81970174252676989e-08,2.51578067734271466e-02,6.51558663351108294e+02,2.51498236723682218e-02,3.38147536364975870e+07,
4.42701961623494684e-11,2.51389052569934920e-02,9.96039525934459334e+02,1.54042709398169251e-02,1.93131961606369093e+07,
-1.08395831760711948e-07,2.51382259936108257e-02,6.59189002654690512e+02,3.89726611145988708e-02,4.53845489771796688e+07,
-6.44555909461933357e-09,3.42976219147042780e-02,9.95092290625373266e+02,1.53804024033172022e-02,1.91962318779964745e+07,
3.24654353799602188e-11,3.03007329112861303e-02,4.89485360209226371e+02,3.73729623582164886e-03,1.21937231206671742e+05,
3.18417258398791830e-11,6.84434963437523525e-02,3.02065893587618177e+02,5.06213007304195185e-05,3.03458440942555228e+02,
8.86117332392896416e-11,2.21324772225018548e-02,1.50233293628384286e+03,2.98924153277243081e-02,2.39048307850925326e+07,
1.20322015364240928e-10,2.21205705415268086e-02,3.46909761983632222e+02,4.27818894495104185e-02,4.27987585033385199e+05,
3.68138454590963660e-10,2.05506484086513744e-02,1.64543855981806428e+03,3.45709247936605776e-02,1.89177809663344510e+07,
4.51165818649746656e-10,2.04187907620575239e-02,1.38915762418372151e+03,4.48142508983297369e-02,2.41553113763558939e+07,
-1.53373398544415609e-06,2.21365601807760569e-02,1.83985558125227340e+03,4.85308013074448111e-02,3.88831201639426053e+07,
7.68861804507013100e-09,2.24769970341831063e-02,2.98010359679576140e+02,5.34580472247111263e-02,-6.04184018714588831e+01,
7.35565935116948513e-10,2.04202702687157796e-02,1.94083977828307206e+03,4.93317528346413417e-02,2.85757730931588709e+07,
1.08262845564726806e-09,2.04278373465021472e-02,3.05097757252783879e+02,5.34033050169554421e-02,1.21223098598571032e+04,
-1.42778567992563226e-06,2.21363974648489670e-02,2.98011255624426383e+02,4.85127789578370730e-02,-5.07821164345156078e+01,
-1.41897028187732324e-06,2.21360409990817263e-02,2.98011516348346959e+02,4.84896982581015101e-02,-4.88991716235628857e+01,
7.21098096949125397e-10,2.04214070344216764e-02,3.05784821615128863e+02,4.93083937792300198e-02,1.45028746474329182e+04,
6.56397033069355026e-10,2.04159542585146299e-02,3.05904592374607034e+02,4.92835258573155396e-02,1.49106659601104875e+04,
4.79354558679680812e-02,2.04302008860741319e-01,2.97999999928674583e+02,5.43413813167463386e-02,-5.22180611547622391e+01,
4.72821028689444506e-02,2.02639216455117038e-01,2.97999999926823079e+02,5.42805000690807365e-02,-3.74666210595510094e+01,
3.74546232522399462e-03,6.19080929116399142e-02,2.97999999943501336e+02,5.38569896416205424e-02,-8.36724572747485240e+01,
2.96953980005320271e-03,5.76271323995764459e-02,2.98000000050712174e+02,5.38620123904283085e-02,-3.68260514861720765e+01,
4.98663551512298235e-10,1.96654199552179255e-02,1.73012364946003095e+03,3.74112477894592843e-02,1.51173088439492863e+07,
8.34789426273260704e-10,1.92691063032039318e-02,1.89904519708927705e+03,4.59005875407072911e-02,1.87619827253433689e+07,
4.45848630511847693e-10,1.93745568368088282e-02,1.77997731629543432e+03,3.90525508987994222e-02,1.20756132895980850e+07,
1.11906673304858041e-09,1.84660662522887764e-02,1.95397595450934205e+03,4.63644215180374492e-02,1.47355224587746449e+07,
1.14402361365664506e-09,1.92566936714982651e-02,1.99135453219108558e+03,4.96954868398475705e-02,2.17998614622368552e+07,
1.07716802658568363e-09,1.92599113025907001e-02,7.97029638785362522e+02,5.32748333884387887e-02,4.22436258984731659e+07,
1.70493193028604168e-09,1.85677634357851937e-02,2.01550966169164894e+03,4.95227263545429744e-02,1.68281215925933383e+07,
1.31984516125380676e-09,1.84556560369882987e-02,1.84002902259130133e+03,5.30003314990843619e-02,2.89030750445297435e+07,
1.06153246995158015e-09,1.92586853504342730e-02,8.26869770465728379e+02,4.96642765172968792e-02,2.17097192421510182e+07,
9.20178309777516787e-10,1.92586191024393082e-02,8.31306442661414394e+02,4.96343087575627437e-02,2.16101393115026839e+07,
1.27475160041822010e-09,1.84602575912291567e-02,1.84781347209896353e+03,4.94632319824064373e-02,1.67366730048891138e+07,
9.86269280052282824e-10,1.84630099511164103e-02,1.84880159302549237e+03,4.94105062369012971e-02,1.66418926354025062e+07,
4.67752685003903116e-07,2.37472256327429451e-02,2.98000071543091622e+02,5.38663674697119482e-02,-1.38747926836009100e+02,
2.75820115644181511e-07,2.34415908847032048e-02,2.98000080484813623e+02,5.38634709127850039e-02,-8.17868580295968144e+01,
3.61230091486459639e-09,2.01666817902781646e-02,2.98008554874482513e+02,5.38341930235169547e-02,-1.36361234084817340e+02,
1.21004222737235997e-09,2.00288595326462288e-02,2.98010881824380078e+02,5.38370881075711655e-02,-7.55092992448142013e+01,
8.86370170739421214e-11,2.21299799657023281e-02,1.50216473547327951e+03,2.98853750296251032e-02,2.38909791570901051e+07,
1.20402960098536774e-10,2.21167001645785448e-02,3.47818289560031246e+02,4.27769681291248413e-02,4.46107429656499182e+05,
3.68720561249485739e-10,2.05479612535160241e-02,1.64532062077827686e+03,3.45664392204152529e-02,1.89103523546815887e+07,
4.52538361508114302e-10,2.04127066866870432e-02,1.39323473624768599e+03,4.48108426493277825e-02,2.41458422146895044e+07,
-1.41166190344271908e-06,2.21350738973308259e-02,2.98011329538897201e+02,4.85116535847409935e-02,-8.78783987686456243e+01,
-1.40589955724867483e-06,2.21349492415104689e-02,2.98011552669069829e+02,4.84905840810472277e-02,-8.61598215294708325e+01,
7.21294520952958979e-10,2.04191507201928121e-02,3.05854029857866408e+02,4.93066657631887409e-02,1.47574249712042583e+04,
6.54724039847628776e-10,2.04153694750106481e-02,3.05958035018819771e+02,4.92830699581263340e-02,1.51194880786044068e+04,
4.99050333402061790e-10,1.96646996802101737e-02,1.73003142635257245e+03,3.74082727303248624e-02,1.51129895214859489e+07,
8.37700842954997098e-10,1.92672564722344286e-02,1.89927894228101650e+03,4.58980481410199703e-02,1.87560009170867167e+07,
4.46056269765567283e-10,1.93741720099080764e-02,1.77989282230377717e+03,3.90500513351630801e-02,1.20729214869703408e+07,
1.11562278265205902e-09,1.84681199070935997e-02,1.95392838898001219e+03,4.63622898233726627e-02,1.47315098801289983e+07,
1.06160376707289275e-09,1.92574119981040841e-02,8.29398668951369700e+02,4.96624728238363525e-02,2.17008308530500047e+07,
9.16538785845668912e-10,1.92574898464460895e-02,8.33522434258323187e+02,4.96332099425900869e-02,2.16045232648848221e+07,
1.27069618467503055e-09,1.84588784862108439e-02,1.84834376322860771e+03,4.94618052432161670e-02,1.67304769464062564e+07,
9.83566681697396581e-10,1.84620164608411616e-02,1.84928214014890000e+03,4.94088949939645167e-02,1.66372672739715036e+07,
1.20812465308976376e-10,2.21113821405955653e-02,3.52506703296364435e+02,4.27232966362807998e-02,5.55138315719262930e+05,
8.94431158771634649e-11,2.21301508259155975e-02,1.49988513813421514e+03,2.98101453379712306e-02,2.36985599679335095e+07,
4.28472472826198077e-10,2.04107005615895426e-02,1.42714227277529130e+03,4.47532460576642796e-02,2.40120314209784903e+07,
3.53052143516986062e-10,2.05781124173446649e-02,1.64315662943683628e+03,3.44870041062557697e-02,1.87085104173990786e+07,
3.73669354542201744e-09,2.24306730454095354e-02,2.98012259240409776e+02,5.34384495255318115e-02,-2.12330099756094683e+02,
-1.30761361596756248e-06,2.21376353079001699e-02,1.84395090226103798e+03,4.84658219949711186e-02,3.85854240909720287e+07,
7.80559038506212011e-10,2.04186471007882162e-02,3.06773345167139439e+02,5.33761676406434155e-02,1.82107368091114549e+04,
6.24998268958474308e-10,2.04167282492259371e-02,1.94255934427751981e+03,4.92526637688254706e-02,2.82852904826110750e+07,
6.86932565923634500e-10,1.92687880437056210e-02,1.90234788759355138e+03,4.58296711741713464e-02,1.86129122091322318e+07,
5.06826033454074413e-10,1.97430476320477055e-02,1.72770002157107137e+03,3.73171897905389960e-02,1.48980397557801604e+07,
8.47052094819350074e-10,1.84702208433044877e-02,1.95223303844582574e+03,4.62734567812361289e-02,1.45842359241811223e+07,
4.19237389813331958e-10,1.95303648128207670e-02,1.77701979051939588e+03,3.89345960985442857e-02,1.18335696538416781e+07,
8.25875702619354905e-10,1.92644839959411444e-02,8.66171095456504986e+02,5.32312140531757683e-02,4.12151612868157476e+07,
1.07327403631823332e-09,1.92651575223032230e-02,1.99289066973890135e+03,4.95923664674561698e-02,2.15026910611771233e+07,
8.91372722708414435e-10,1.84715777429617159e-02,1.85623222112066446e+03,5.29284330020263552e-02,2.80882304755250625e+07,
1.57996249249747160e-09,1.86511611465986597e-02,2.01351097330889456e+03,4.93280554305931193e-02,1.65411011853057686e+07,
1.20780959756285250e-10,2.21115737154122666e-02,3.52478692175356684e+02,4.27237661043459518e-02,5.54523588416518876e+05,
8.94371844817813375e-11,2.21303649287123948e-02,1.49985789218877426e+03,2.98087965764472461e-02,2.36975049474093877e+07,
4.25747360409219566e-10,2.04103868638032399e-02,1.42732502708440461e+03,4.47530021791241114e-02,2.40093793477902226e+07,
3.53155414537635552e-10,2.05782463608288196e-02,1.64313783684038731e+03,3.44864985084945216e-02,1.87070319773715511e+07,
6.84080330800005663e-10,1.92686248754282419e-02,1.90239743147119043e+03,4.58288710791339149e-02,1.86102321852954440e+07,
5.07314013671171545e-10,1.97435017126901431e-02,1.72766996219452062e+03,3.73165582433897733e-02,1.48964753363768384e+07,
8.45643988210501221e-10,1.84696874681351542e-02,1.95219890484162897e+03,4.62720285293342498e-02,1.45817800898003727e+07,
4.19339807970451986e-10,1.95310820327678283e-02,1.77697121676416828e+03,3.89332870481036292e-02,1.18317812490082663e+07,
1.04416061562552979e-10,1.93848802854223318e-02,1.80712751941047213e+03,3.98804263071802986e-02,9.51875993461195752e+06,
2.01045786277992996e-10,1.79110068754736312e-02,1.96391007537971950e+03,4.60843581199898086e-02,1.14745467120770048e+07,
2.21218221486790660e-10,1.99133932281360844e-02,1.81852651282894749e+03,4.00570596158282763e-02,7.34773025339036994e+06,
2.29249804068159450e-10,1.75194563151221915e-02,1.95775643548994640e+03,4.54995933720349841e-02,8.75972069432275556e+06,
2.16249591771986790e-09,1.84556154676364034e-02,2.02432939551202526e+03,4.90355245973207940e-02,1.28503475948219877e+07,
1.17920956210515006e-09,1.78995037044560948e-02,1.95546629910897150e+03,5.25023714312522066e-02,1.92139770174331106e+07,
3.35546048539461282e-10,1.85820826370866714e-02,2.02035715136936551e+03,4.83140643163781774e-02,9.56658226834487170e+06,
1.40141474469479513e-09,1.72085779739328884e-02,2.03423117331857361e+03,5.17701315171654325e-02,1.22136856578798573e+07,
1.12743385863411712e-09,1.79120916291168296e-02,1.95814702765160155e+03,4.89513196672525450e-02,1.27681633913497739e+07,
9.24813627355054912e-10,1.79210154320394340e-02,1.95850227379927696e+03,4.88778519040663148e-02,1.26822557754105832e+07,
3.33148640786428343e-10,1.72306450255170149e-02,2.01807473118947132e+03,4.81987518565849607e-02,9.50397249217503145e+06,
3.10584110881188149e-10,1.72359801505802372e-02,2.01607336893471074e+03,4.80984473723311753e-02,9.43923795783972926e+06,
1.25616684240673183e-09,1.83391101033567316e-02,3.01108538415619535e+02,5.31035159257449360e-02,3.70796193069270703e+03,
9.48156849893626424e-10,1.82774867663173697e-02,3.02318512105373827e+02,5.31215101656603086e-02,7.18680906098710511e+03,
1.29971029094458598e-09,1.72131328905575157e-02,1.96532240705351387e+03,5.29449737199142179e-02,1.74037762270925529e+07,
1.04305776762749867e-09,1.72436419876831060e-02,1.96595824313608000e+03,5.28956017283201893e-02,1.70671766230305731e+07,
1.04293785813900942e-10,1.93845359983568707e-02,1.80705356060504732e+03,3.98783449146407482e-02,9.51711614269032516e+06,
2.00947116344995737e-10,1.79097357271234235e-02,1.96386688953918065e+03,4.60831188005436168e-02,1.14719968241055962e+07,
2.21275792025792769e-10,1.99133684822215551e-02,1.81845884156544685e+03,4.00549615554186555e-02,7.34687938927439041e+06,
2.29491700168975240e-10,1.75188962707625573e-02,1.95771311758367347e+03,4.54983371929764471e-02,8.75842683084692620e+06,
1.13445938335523560e-09,1.79098769770125489e-02,1.95830967481260245e+03,4.89502660696654462e-02,1.27642330102245230e+07,
9.42817052101319116e-10,1.79192240904473173e-02,1.95865960257914480e+03,4.88763712064793493e-02,1.26789130885111410e+07,
3.34362192063346469e-10,1.72295376779828778e-02,2.01804837194121365e+03,4.81978514201582345e-02,9.50187020698841102e+06,
3.11182567433281438e-10,1.72349270926875769e-02,2.01603868437534379e+03,4.80970881283213011e-02,9.43730378399097174e+06,
1.99675772474025535e-10,1.79379431185176519e-02,1.96120779066400110e+03,4.59247749892073009e-02,1.13229933604072277e+07,
1.02143227195700351e-10,1.95738458804991071e-02,1.80319638315937891e+03,3.97229770735141041e-02,9.26328127684132196e+06,
2.24791991616626414e-10,1.76270335116476794e-02,1.95299582910524714e+03,4.52874598289088395e-02,8.61567679237391986e+06,
2.17977186214425581e-10,2.02893943713549803e-02,1.81237173413803225e+03,3.97889330985168183e-02,7.09111634639794193e+06,
8.58275294609721801e-10,1.79359584431158410e-02,1.96129371190676920e+03,5.23879341965337794e-02,1.86725853020766750e+07,
1.44228768025070107e-09,1.85992620336632823e-02,2.02072529544988106e+03,4.87601093402172669e-02,1.25982619100428373e+07,
1.22887935162098924e-09,1.72705975156394118e-02,2.03678554649182161e+03,5.15919569128367173e-02,1.19473515930715539e+07,
3.10142375333698058e-10,1.88553935979198645e-02,2.01277020601431013e+03,4.79364112804196857e-02,9.38072736450589821e+06,
1.99545496583047027e-10,1.79408381517553311e-02,1.96115752619242221e+03,4.59229141537306970e-02,1.13209792259219885e+07,
1.03384178794645277e-10,1.95746729389777996e-02,1.80313811789906572e+03,3.97213150445277496e-02,9.26164012124158069e+06,
2.24799456436051399e-10,1.76272475921044440e-02,1.95293601867228722e+03,4.52854099616417025e-02,8.61448792770153284e+06,
2.18528847280349844e-10,2.02906137053875876e-02,1.81228135497758990e+03,3.97861285506432086e-02,7.09005238645404764e+06,

204,5
5.38664000806867924e-03,2.32999999664422586e-01,1.14923747360133439e+03,2.32842525587018540e-02,2.52086933289987206e+08,
3.90737802688373229e-02,2.32999993169170611e-01,1.44836471908137969e+03,4.69568278780412157e-02,1.33029193254386282e+09,
9.14809046371142646e-04,2.32999644310046966e-01,1.59463240337493107e+03,3.40699243144832742e-02,2.66219221032920867e+08,
1.24832449774823322e-02,2.32812449679057537e-01,1.85635981142071569e+03,4.89525727020484747e-02,2.35251642049318933e+09,
2.98917055937851055e-02,2.32997266369789596e-01,1.44460321418060471e+03,4.36903863350550647e-02,1.31082618754247236e+09,
5.49999265407305413e-02,2.27792331891752076e-01,1.44304832464525953e+03,5.50370923587524888e-02,1.31369598772395277e+09,
3.54093021274724286e-03,2.21784797863888328e-01,1.84264253728807125e+03,4.70571779027896125e-02,1.94734138690552902e+09,
5.49581007955783907e-02,2.19981450782222560e-01,1.85719036467856540e+03,5.50846240763303921e-02,3.22521377520382977e+09,
5.49943358768506321e-02,2.32997272353998697e-01,1.44283251395092884e+03,5.50193116606999891e-02,1.31253244108956885e+09,
5.49999259032448798e-02,2.32771556686040465e-01,1.44479131796140314e+03,5.50371052706053882e-02,1.31276881570740390e+09,
5.40628468085426472e-02,2.21825467856069325e-01,1.85717490392249306e+03,5.47266535477342608e-02,3.15806516347819996e+09,
5.49568576637747344e-02,2.19980471819798545e-01,1.85620446992276015e+03,5.50832346355719718e-02,3.22571300139377642e+09,
5.49999999996857308e-02,2.20336288172671008e-01,7.23723357673755459e+02,5.50392983623690032e-02,2.85051718342314921e+07,
5.50000000000006040e-02,2.20000091283497345e-01,2.98629768526177770e+02,5.50380916511693311e-02,1.73410222380136361e+01,
5.49999986060253077e-02,2.19999997079942305e-01,1.85189554257518512e+03,5.51659735193289202e-02,3.24422630139597034e+09,
5.49999999997361419e-02,2.19999999999446055e-01,7.54443353824836322e+02,5.51660618162937849e-02,1.17708120657463953e+08,
1.62689177653799536e-04,2.32783823441499227e-01,1.75187313923888428e+03,3.93051659145739335e-02,6.47505642903095856e+07,
1.62021981971521227e-04,2.18238854354086020e-01,1.93622835268117092e+03,4.99524369812965260e-02,1.13000650184779763e+08,
8.05376126636083952e-05,1.69124234844568871e-01,1.92378666403719217e+03,4.86179254102569111e-02,9.63370199647530317e+07,
4.40349293855194224e-02,1.94124195198673105e-01,1.93965295405424945e+03,5.37066526068859032e-02,3.57508180889668369e+09,
8.24423944952052713e-03,1.69202675341184633e-01,1.93952610863813811e+03,5.32148489442299602e-02,3.19417136335723209e+09,
4.38245704715678960e-02,1.93559724976460873e-01,1.93859767257759336e+03,5.36921872724849744e-02,3.58106228348952484e+09,
5.49999024009762555e-02,2.19999796935199443e-01,1.93934519740551173e+03,5.52314351040719617e-02,3.66857535530069351e+09,
5.49999999358372071e-02,2.19999999864612356e-01,1.85906158787162076e+03,5.52317429899898127e-02,3.65984740628803301e+09,
2.98928741230221097e-02,2.32997262079438550e-01,1.44462772422463354e+03,4.36908680723091317e-02,1.31310091934720516e+09,
5.49999265475335508e-02,2.27790644040581552e-01,1.45333376585485394e+03,5.50371018250293761e-02,1.36848033017942309e+09,
3.54031750799766202e-03,2.21782497784969612e-01,1.84264588861654374e+03,4.70571506006207327e-02,1.94741750790880561e+09,
5.49581051603113546e-02,2.19981449487940711e-01,1.85736997434555906e+03,5.50846463129383568e-02,3.22627217396285439e+09,
5.36258925165956132e-03,2.32999999664318280e-01,1.15108131074945413e+03,2.32864759152726052e-02,2.52156838321703434e+08,
3.89951357304027246e-02,2.32999993141440570e-01,1.44929103269651750e+03,4.69624203311326816e-02,1.33848598745036149e+09,
9.02909055130286537e-04,2.32999642756524544e-01,1.59458482600447996e+03,3.40648172703770513e-02,2.62726106310269207e+08,
1.19792419249961854e-02,2.32811146667897706e-01,1.85652425052784088e+03,4.89419212440539986e-02,2.35051560441234970e+09,
5.49999999996857170e-02,2.20330688260819502e-01,7.33067338604353722e+02,5.50396078021938018e-02,3.14300264077879153e+07,
5.50000000000005485e-02,2.20000085971206821e-01,2.98636217701231146e+02,5.50383396158748775e-02,1.73259222823010219e+01,
5.49999986053080411e-02,2.19999997078427351e-01,1.85219997653156247e+03,5.51662022026534749e-02,3.24401355816361666e+09,
5.49999999997358643e-02,2.19999999999445500e-01,7.58125408634436781e+02,5.51664134384997687e-02,1.20562279215948671e+08,
5.49943458694221385e-02,2.32997265068302734e-01,1.45042006821935388e+03,5.50193282109002549e-02,1.34058815383230734e+09,
5.49999259648457986e-02,2.32771646006595584e-01,1.45014229976471938e+03,5.50372337227060249e-02,1.34732088690927243e+09,
5.40522275592819068e-02,2.21811110920950488e-01,1.85738283806552136e+03,5.47243994437881520e-02,3.14962264888049650e+09,
5.49568794560058305e-02,2.19980401791562169e-01,1.85637474177055878e+03,5.50834485013506833e-02,3.22700182936643314e+09,
8.04624224297881063e-05,1.69121286521129038e-01,1.92378748462754152e+03,4.86178139779902124e-02,9.63337192605920881e+07,
4.40310955063656223e-02,1.94113987451743020e-01,1.93973115817486610e+03,5.37064061526274852e-02,3.57425316812596846e+09,
1.61277849244182553e-04,2.32783463563788817e-01,1.75178196212189323e+03,3.92997988009242821e-02,6.46280652197740078e+07,
1.60932786917988206e-04,2.18232394021697113e-01,1.93627310826659505e+03,4.99482167433001334e-02,1.12699095090125918e+08,
5.49999023294487563e-02,2.19999796785171536e-01,1.93943447040329897e+03,5.52312605618624358e-02,3.67352484583544493e+09,
5.49999999357976624e-02,2.19999999864528922e-01,1.85943318383659221e+03,5.52315561310932207e-02,3.65465541947140789e+09,
8.10798442259861793e-03,1.69194831956082148e-01,1.93961151893759143e+03,5.32135967248791864e-02,3.17965459761903143e+09,
4.37903205964589801e-02,1.93467722101739487e-01,1.93866135191546391e+03,5.36903112469599986e-02,3.58263205543095684e+09,
5.49999258918797626e-02,2.32772076623499802e-01,1.44482573724230178e+03,5.50371256171028264e-02,1.31626302039329720e+09,
5.49943150533584793e-02,2.32997277569930189e-01,1.45426382681869291e+03,5.50193073667319607e-02,1.37270032350881290e+09,
5.49568188524265713e-02,2.19980436795032014e-01,1.85637298986911355e+03,5.50832410125941252e-02,3.22631783567049837e+09,
5.40325248105670286e-02,2.21879341555129506e-01,1.85742519842849379e+03,5.47187167063193508e-02,3.12911750446548796e+09,
5.50000000000002431e-02,2.20000077452531778e-01,2.98711199943160693e+02,5.50390152627941581e-02,3.22897597253576620e+01,
5.49999999996752600e-02,2.20326859881736170e-01,7.39015943738534588e+02,5.50404601601177795e-02,3.29158385741053596e+07,
5.49999999997322353e-02,2.19999999999437618e-01,7.65906215560074997e+02,5.51608322523689590e-02,1.26666725741968393e+08,
5.49999985252129578e-02,2.19999996911694362e-01,1.85255599915382754e+03,5.51641707375523024e-02,3.23738181673701620e+09,
3.89387865259877702e-02,2.32999993188941185e-01,1.45489046277585021e+03,4.69340857203218789e-02,1.34493963447223473e+09,
5.32893979626430318e-03,2.32999999667181407e-01,1.14917867554102236e+03,2.32133468472699757e-02,2.49129070299477905e+08,
1.17240381835827731e-02,2.32813138927091962e-01,1.85648205965768761e+03,4.89067555414063465e-02,2.34413651056915426e+09,
8.99812070110545025e-04,2.32999647060485898e-01,1.59256512985333939e+03,3.39867238094951687e-02,2.60704561319878489e+08,
5.49999253016288173e-02,2.27770720734108090e-01,1.45432570216406157e+03,5.50373148246788985e-02,1.37399634153211236e+09,
2.98040607668208744e-02,2.32997284996122600e-01,1.45076720498664554e+03,4.36468812378837320e-02,1.35094948321255016e+09,
5.49561602156020540e-02,2.19979869616365814e-01,1.85744130251426759e+03,5.50830721178342878e-02,3.22465083076542997e+09,
3.39932162268167084e-03,2.21923471569538205e-01,1.84219368092749892e+03,4.70022750695033714e-02,1.94331857854824972e+09,
4.38019231859602606e-02,1.93498979934602772e-01,1.93865555990549547e+03,5.36906841727873008e-02,3.58306839537223148e+09,
7.82218127569301452e-03,1.69399787114458439e-01,1.93978512385680824e+03,5.32048744245460295e-02,3.17441814768098688e+09,
5.49999999348845803e-02,2.19999999862590889e-01,1.86056247921611612e+03,5.52312429031127997e-02,3.64032230099555159e+09,
5.49998993438047534e-02,2.19999790445815802e-01,1.93948926859396352e+03,5.52308213244813440e-02,3.69460965525366449e+09,
1.59317674386840147e-04,2.18331565390045973e-01,1.93607698819576262e+03,4.99107736302943084e-02,1.12128395170119554e+08,
1.59331400423681351e-04,2.32786016517843253e-01,1.74977486986593976e+03,3.92134508859329142e-02,6.43213561083906814e+07,
4.35151527640197655e-02,1.92726980815819932e-01,1.93979790642570742e+03,5.36720874156181929e-02,3.58671077891507626e+09,
8.10647083311088096e-05,1.69490554292689444e-01,1.92311516873399387e+03,4.85521012652258901e-02,9.57858376446328461e+07,
5.50000000000002917e-02,2.20000077246261250e-01,2.98710632658671045e+02,5.50390190281018002e-02,3.15365365336530488e+01,
5.49999999996749686e-02,2.20326138424225298e-01,7.39432113977774293e+02,5.50404841733952363e-02,3.30227648685390502e+07,
5.49999999997323741e-02,2.19999999999438228e-01,7.66361763236697925e+02,5.51612202759292694e-02,1.27060468157901898e+08,
5.49999985250888626e-02,2.19999996911430656e-01,1.85257975504999058e+03,5.51642093608501055e-02,3.23733208404867840e+09,
5.49999259486171344e-02,2.32772313973614392e-01,1.45045943960785348e+03,5.50372417528255595e-02,1.35020910931165624e+09,
5.49943174640814686e-02,2.32997279533516538e-01,1.45454105503422261e+03,5.50193097872384296e-02,1.37469425780257082e+09,
5.49568397007066251e-02,2.19980370341982062e-01,1.85644658106702695e+03,5.50834318966732794e-02,3.22653797800036287e+09,
5.40322590832536670e-02,2.21883033451412442e-01,1.85743388514720300e+03,5.47190231145556344e-02,3.12783410271709299e+09,
5.49999253020459766e-02,2.27766533094600404e-01,1.45463835226652509e+03,5.50373167659277962e-02,1.37502540704383278e+09,
2.98037541149488126e-02,2.32997281010390439e-01,1.45094874880682528e+03,4.36468609268848770e-02,1.35170167771710563e+09,
5.49561588286821834e-02,2.19979865634904070e-01,1.85744317587009391e+03,5.50830719085915396e-02,3.22461103218721581e+09,
3.39900000167072270e-03,2.21915854112048450e-01,1.84219331579607251e+03,4.70022509089056406e-02,1.94330996583293200e+09,
3.89312071834036696e-02,2.32999993186056104e-01,1.45079534642635349e+03,4.69335441339998813e-02,1.34509282920573735e+09,
5.31241609022532150e-03,2.32999999667158286e-01,1.14955761815170240e+03,2.32167140045599213e-02,2.49020796342580825e+08,
1.17047364531996378e-02,2.32812928216548504e-01,1.85647993890666362e+03,4.89061962260987429e-02,2.34379160835704756e+09,
8.96248639124173603e-04,2.32999646500525098e-01,1.59242953136689016e+03,3.39812103859562994e-02,2.59807686724217653e+08,
5.49999999349226470e-02,2.19999999862671464e-01,1.86057230892757093e+03,5.52313551673709949e-02,3.64006892636571789e+09,
5.49998993382292689e-02,2.19999790434010162e-01,1.93971356820486972e+03,5.52308276642255874e-02,3.69459803453160715e+09,
4.37719464150506526e-02,1.93418391351424496e-01,1.93867990027652922e+03,5.36890731954429296e-02,3.58394859995987749e+09,
7.80796908884365259e-03,1.69390636528523930e-01,1.93978982554424647e+03,5.32050477462236715e-02,3.17606782230886173e+09,
4.35148854151100051e-02,1.92726262447617869e-01,1.93972843804947729e+03,5.36720685381208290e-02,3.58671090050064564e+09,
8.08465561717264627e-05,1.69490366138101367e-01,1.92311472887258969e+03,4.85520770346064279e-02,9.57855384267334044e+07,
1.59177713241947556e-04,2.18329068918906549e-01,1.93609437767611075e+03,4.99112602178283168e-02,1.12060029870770440e+08,
1.58939636608916465e-04,2.32785851582608977e-01,1.74974639397717419e+03,3.92118993606584490e-02,6.43602298978131935e+07,
1.48273220715090782e-07,1.06891636323194122e-01,1.98538123755803304e+03,5.31235758543352130e-02,1.48146821201509535e+08,
5.34384876931080013e-02,2.17175584075753075e-01,1.98544755006381274e+03,5.50414202583122472e-02,3.83158850218822002e+09,
3.18313012338240446e-09,8.71163272248064863e-02,2.01621144490411189e+03,5.30918504759997495e-02,7.57744240662292540e+07,
1.68512864720256617e-02,1.13394231896707887e-01,2.01629426471301758e+03,5.42160187870151938e-02,3.98556652437901354e+09,
2.64535714900125359e-04,3.59013949749063532e-02,1.98496989102123371e+03,5.37831892031876632e-02,1.17593820624091220e+09,
5.49974273845004399e-02,2.19995316777631816e-01,1.94738985280837801e+03,5.52784641332723509e-02,3.91590885583957291e+09,
1.99593664233431275e-08,3.05920381222361468e-02,2.01587196889392931e+03,5.36085996747173651e-02,1.19742338740639940e+08,
5.47473613142391013e-02,2.19631293211684453e-01,1.99523273887361529e+03,5.52841252131807542e-02,4.05034683892295504e+09,
5.49973334571481204e-02,2.19995179997616808e-01,1.98493899794898084e+03,5.52788140875672268e-02,3.91632810854534340e+09,
5.49973139279706646e-02,2.19995150854104926e-01,1.98497786691785382e+03,5.52787312815656642e-02,3.92768673926616573e+09,
5.47250703748613371e-02,2.19595224012911094e-01,2.01587842845785826e+03,5.52838010355612211e-02,4.05075962837121916e+09,
5.47211802045040399e-02,2.19588931467613407e-01,2.01594341308479829e+03,5.52835388721902368e-02,4.03596596949996376e+09,
5.49999963266932859e-02,2.19999992232046887e-01,5.32993333762209772e+02,5.52771326085412587e-02,3.07938578459693529e+07,
5.49999962630936048e-02,2.19999992096929359e-01,5.54173506935873206e+02,5.52785778903241987e-02,3.88455077898559719e+07,
5.49999203787466806e-02,2.19999831393354217e-01,1.72445276183003034e+03,5.53234383563184565e-02,3.99070660490077686e+09,
5.49999186447620025e-02,2.19999827706196471e-01,1.74742315634891770e+03,5.53212225775591634e-02,4.04799670447788954e+09,
4.53519867928774675e-09,7.52112737546988125e-02,2.03865423974344071e+03,5.30515375042115919e-02,4.91906124258387610e+07,
8.37630936622234789e-06,4.16935482163642152e-02,2.03865663069726634e+03,5.41905610067925161e-02,2.77415742750552893e+08,
5.22276278189111587e-09,6.83246966745975487e-02,2.05586575446014649e+03,5.28952284912582726e-02,3.41643319163469076e+07,
7.51700913468462442e-09,3.95493408997013574e-02,2.05593861353902366e+03,5.39481182926213471e-02,1.01426948412866965e+08,
6.02272306250926029e-09,2.86134818369673111e-02,2.03836862069598669e+03,5.35335739654781984e-02,6.80994325347958654e+07,
3.96577512367343246e-02,1.82265569254905085e-01,2.02832678756355608e+03,5.42518290274828993e-02,4.11146919490816307e+09,
7.25488214734187489e-09,2.80164610236831521e-02,2.05580035251116988e+03,5.34038351895166144e-02,4.44893020594872460e+07,
5.28442848047162720e-04,3.90520816375753768e-02,2.05275112512043279e+03,5.42478946896513062e-02,1.85455715969347644e+09,
3.86288320794384230e-02,1.79393061124613673e-01,2.03837896253157578e+03,5.42523018052768272e-02,4.10531647083587265e+09,
3.84738448091732355e-02,1.78958508422366630e-01,2.03843677447544337e+03,5.42524258151430294e-02,4.10282275862345600e+09,
3.97693466061961555e-04,3.72782056342770562e-02,2.05575703646885404e+03,5.42456640960756256e-02,1.58926896495904875e+09,
3.82695704557849082e-04,3.70569135259372906e-02,2.05572067026962031e+03,5.42443980310500645e-02,1.55548075871337652e+09,
5.49991350591936615e-02,2.19998173614310927e-01,1.92722414100654646e+03,5.53796933007538045e-02,4.16233371774941301e+09,
5.49991153703535823e-02,2.19998132522939621e-01,1.93060895136444969e+03,5.53727672259857265e-02,4.16116122994645691e+09,
5.49938685010745512e-02,2.19987615704859002e-01,1.99107894624480582e+03,5.55723805024377002e-02,4.31348402723516273e+09,
5.49936014585933539e-02,2.19987185074425246e-01,1.99384116931822632e+03,5.55694238473064747e-02,4.32176651219961548e+09,
1.47947340937139290e-07,1.06920819696156078e-01,1.98542350409694791e+03,5.31220831637683744e-02,1.47821768111134678e+08,
5.34111121753296919e-02,2.17119097106735076e-01,1.98549044454550835e+03,5.50363666254877412e-02,3.83309261551303005e+09,
3.18293629212170502e-09,8.71348433945334233e-02,2.01619905988510936e+03,5.30911497943871435e-02,7.56961414632035941e+07,
1.66837879815947068e-02,1.12834991981509564e-01,2.01627831220149210e+03,5.42158471033210645e-02,3.98252979115081120e+09,
5.49973246889925785e-02,2.19995166135131176e-01,1.98497596271643988e+03,5.52788615243553078e-02,3.92002743805354071e+09,
5.49973088986307618e-02,2.19995142256512760e-01,1.98498567683900365e+03,5.52788177211023385e-02,3.92771744917158318e+09,
5.47228340788668347e-02,2.19591595992095767e-01,2.01590855066218137e+03,5.52837461123193569e-02,4.05212652718008661e+09,
5.47194583897732470e-02,2.19586130387814243e-01,2.01595351305608824e+03,5.52836698438443699e-02,4.03520796831426954e+09,
4.53667229546995129e-09,7.52234135202346221e-02,2.03866995649737805e+03,5.30515073446536367e-02,4.91512688107360080e+07,
8.15957487610537398e-06,4.17023842478099829e-02,2.03867847382970945e+03,5.41900180526050726e-02,2.75657591626928031e+08,
5.22320601496765055e-09,6.83348348499456942e-02,2.05587792341606428e+03,5.28948877335916820e-02,3.41477015952731147e+07,
7.42994107890603124e-09,3.95567903893587064e-02,2.05593354594593939e+03,5.39481034176356594e-02,1.01274635198617727e+08,
3.85413298514597699e-02,1.79148206226048767e-01,2.03840397097320374e+03,5.42525172791048921e-02,4.10561273353819752e+09,
3.83971324726343974e-02,1.78743681014701422e-01,2.03844819786430344e+03,5.42524296359261846e-02,4.10367967632200003e+09,
3.89534646091204925e-04,3.71588655054519365e-02,2.05577392264230093e+03,5.42456494474810591e-02,1.57124364314199710e+09,
3.75449625480511870e-04,3.69488830109766242e-02,2.05573148918562993e+03,5.42445296505235305e-02,1.53915207936755013e+09,
5.32702115380989868e-02,2.16826263774211492e-01,1.98548026498670833e+03,5.50106535412799927e-02,3.87113590720975637e+09,
1.52257469555303728e-07,1.07237142586615722e-01,1.98543975966769563e+03,5.31003032881999376e-02,1.45197810123722970e+08,
1.52875149317215336e-02,1.08113210862953515e-01,2.01629291996963639e+03,5.42154378358808905e-02,3.92527496656406736e+09,
3.28808383065745182e-09,8.74632935498556030e-02,2.01619917881716856e+03,5.30657429481243351e-02,7.45319920384718925e+07,
5.49972241510169879e-02,2.19995009672380171e-01,1.94865938136094655e+03,5.52785686036530166e-02,3.92621145387790775e+09,
2.13613100421502225e-04,3.49661276616743191e-02,1.98495769735688827e+03,5.37718982035239948e-02,1.04234360221160507e+09,
5.46931906289608791e-02,2.19542968406828798e-01,1.99636985509731062e+03,5.52840139576776662e-02,4.02834433727081537e+09,
1.08524758520926797e-08,3.08308477028259760e-02,2.01594552760826332e+03,5.35875704324500560e-02,1.16699835653900817e+08,
5.71000070683962753e-06,4.19486348071534121e-02,2.03869530107694982e+03,5.41763064471356207e-02,2.54105044074174702e+08,
4.33370174996906611e-09,7.55950058890944576e-02,2.03867673034847257e+03,5.30141173319196024e-02,4.82757552226238996e+07,
4.77501939868334284e-09,3.98783530766157884e-02,2.05581923441639947e+03,5.39362891926748952e-02,9.79362043611991853e+07,
4.65584174541671761e-09,6.88023211197593826e-02,2.05570676189923415e+03,5.28364587211505310e-02,3.34184751203473285e+07,
3.72525772142915310e-02,1.75514844861485469e-01,2.02931093630239457e+03,5.42520556960187014e-02,4.08043584107503510e+09,
5.92596576987397483e-09,2.89261246914087437e-02,2.03842344628351748e+03,5.35057368382167789e-02,6.63847516793662086e+07,
2.77591672692594600e-04,3.53485922777161538e-02,2.05333279592510007e+03,5.42468428971449521e-02,1.29774216687177539e+09,
6.56889786650752864e-09,2.86539602538941097e-02,2.05560968547165339e+03,5.33575217134044238e-02,4.31832005997840166e+07,
5.32710657270127896e-02,2.16828027761861580e-01,1.98547971435663499e+03,5.50108314077771207e-02,3.87109978017018509e+09,
1.51991282232681451e-07,1.07242777127707661e-01,1.98543835237617304e+03,5.31001866140156445e-02,1.45201129699522197e+08,
1.52800945130985057e-02,1.08088096393661723e-01,2.01629582688979553e+03,5.42153972229410877e-02,3.92453262892902803e+09,
3.28338500077757814e-09,8.74653836821490949e-02,2.01620077696136059e+03,5.30656397682245443e-02,7.45303077370525450e+07,
5.67927984185900409e-06,4.19514005220981701e-02,2.03870212254513945e+03,5.41760542045546731e-02,2.53819303636517942e+08,
4.32871580452195386e-09,7.55975788771049845e-02,2.03867966873411319e+03,5.30139382169015003e-02,4.82713369955854416e+07,
4.77535981876256837e-09,3.98834443768856378e-02,2.05582809822639092e+03,5.39360137988290286e-02,9.78833648493330926e+07,
4.65524492468685347e-09,6.88076420548661832e-02,2.05571018271878893e+03,5.28361158109888832e-02,3.34136311386035457e+07,
5.24122231497265330e-09,6.47985847604796578e-02,2.06899316113378336e+03,5.25705797358230892e-02,2.41068696133047864e+07,
5.10079426158381024e-09,3.99623430609681515e-02,2.07032635735231679e+03,5.37552576197204909e-02,5.59554931761798635e+07,
4.49097875171269333e-09,6.38647733340632628e-02,2.07462426893181282e+03,5.20186687503687989e-02,1.65329886259955112e+07,
6.24837233407187167e-09,4.19357468429898059e-02,2.08564067023432926e+03,5.33327369090694711e-02,2.94754829780864753e+07,
7.33896702017905100e-09,2.91750211584045939e-02,2.07023371518674048e+03,5.31226468362818310e-02,2.98601499596281014e+07,
5.45905815297350250e-08,2.21160026431008599e-02,2.07029416130068603e+03,5.39585934352002222e-02,1.26238740211980045e+08,
6.80141984120860764e-09,3.12985049654216502e-02,2.08194793784151443e+03,5.26092539697894726e-02,1.92921278051550724e+07,
8.61347861672079711e-09,1.99097442372282961e-02,2.08570345482983612e+03,5.35172401593821262e-02,4.56249740718749985e+07,
3.27585491797199973e-08,2.94641030459225801e-02,2.07019988451158861e+03,5.39504323143411776e-02,1.21506125611163855e+08,
2.98852398936252909e-08,2.97174040457902355e-02,2.07007182587690932e+03,5.39493963551344810e-02,1.20911893395505756e+08,
8.21087547995271857e-09,3.17160918622242660e-02,2.08561342928759223e+03,5.35144292219564624e-02,4.46066372762907818e+07,
8.16498489726152012e-09,3.20808828928555376e-02,2.08537295570433344e+03,5.35139790814707014e-02,4.44820517347558141e+07,
5.48612196654918657e-02,2.19813818550000706e-01,2.04442479305430334e+03,5.58089974095932403e-02,4.84811148061255074e+09,
5.48215841449321908e-02,2.19758669850433852e-01,2.04604073471892593e+03,5.57468320901171391e-02,4.88764079873000717e+09,
1.72140848216764265e-07,2.36303321035017805e-02,2.08409048164645310e+03,5.35216185821680013e-02,1.26079869841512352e+08,
1.53605492966552965e-07,2.35682050223909381e-02,2.08408479869787470e+03,5.35216427925482921e-02,1.24788960439693272e+08,
5.24277384389524337e-09,6.48070258478867234e-02,2.06899700532871202e+03,5.25703398070760664e-02,2.40984704395589978e+07,
5.10470016985975080e-09,3.99668038062707467e-02,2.07033640550036807e+03,5.37554371832563507e-02,5.59017413692154586e+07,
4.49576609261288430e-09,6.38734044627532055e-02,2.07461964344437229e+03,5.20184803586384581e-02,1.65294088249196317e+07,
6.24828247768241295e-09,4.19404941203684947e-02,2.08564493136466808e+03,5.33317769966905122e-02,2.94722016483676806e+07,
3.21161074236576160e-08,2.94672482364579935e-02,2.07021450268135777e+03,5.39502093854046100e-02,1.21251477018657401e+08,
2.93030622180008475e-08,2.97221602915392694e-02,2.07008595557267699e+03,5.39491437329939413e-02,1.20667409776663199e+08,
8.20594142839617274e-09,3.17190479463298758e-02,2.08562120948029269e+03,5.35142589856364773e-02,4.45876527180361003e+07,
8.15979604942226922e-09,3.20855647748180678e-02,2.08538390895922112e+03,5.35137884430919308e-02,4.44628282484358847e+07,
4.76525922728222554e-09,4.05638858665178584e-02,2.07009818414309666e+03,5.37372623644725850e-02,5.40551188814981133e+07,
4.63194504159270375e-09,6.54365764056630828e-02,2.06793032430226140e+03,5.24782392300291237e-02,2.34943357537896484e+07,
5.63624030174737237e-09,4.27571829056319422e-02,2.08525893811028845e+03,5.32992468880290338e-02,2.86152604476757273e+07,
3.77927151633041139e-09,6.49651032424236607e-02,2.07174194256092642e+03,5.18759793152378593e-02,1.61211265542675052e+07,
1.39240417614100338e-08,2.17217809734731246e-02,2.06992429067973490e+03,5.39416146392540929e-02,1.16205731488592118e+08,
6.54507440415850224e-09,3.01295356715631825e-02,2.06982698890340362e+03,5.30461775764249910e-02,2.88637425348268971e+07,
7.74998919537607008e-09,2.04324432465551736e-02,2.08518364701350038e+03,5.35086300721594951e-02,4.34917855012489185e+07,
5.99394914919874747e-09,3.26768705695641912e-02,2.07971207207060706e+03,5.24853546472567462e-02,1.86684718142668866e+07,
4.76760399029515102e-09,4.05708140382622026e-02,2.07011028622655249e+03,5.37370250213429212e-02,5.40216711915653944e+07,
4.63378176986731519e-09,6.54433336036476104e-02,2.06793018838806711e+03,5.24777633005213198e-02,2.34899651993065141e+07,
5.63799886871307975e-09,4.27650779174661086e-02,2.08526382518681612e+03,5.32979647229414738e-02,2.86141296681235880e+07,
3.78769641286175002e-09,6.49766753534784941e-02,2.07173371233316220e+03,5.18754283381303721e-02,1.61184555126496907e+07,
