1
1
5
0
(180 0
((72,72,0) (79,79,7) (0,0,0))
((80,72,0) (87,79,7) (0,0,0))
((72,80,0) (79,87,7) (0,0,0))
((80,80,0) (87,87,7) (0,0,0))
((72,72,8) (79,79,15) (0,0,0))
((80,72,8) (87,79,15) (0,0,0))
((72,80,8) (79,87,15) (0,0,0))
((80,80,8) (87,87,15) (0,0,0))
((88,72,0) (95,79,7) (0,0,0))
((96,72,0) (103,79,7) (0,0,0))
((88,80,0) (95,87,7) (0,0,0))
((96,80,0) (103,87,7) (0,0,0))
((88,72,8) (95,79,15) (0,0,0))
((96,72,8) (103,79,15) (0,0,0))
((88,80,8) (95,87,15) (0,0,0))
((96,80,8) (103,87,15) (0,0,0))
((72,88,0) (79,95,7) (0,0,0))
((80,88,0) (87,95,7) (0,0,0))
((72,96,0) (79,103,7) (0,0,0))
((80,96,0) (87,103,7) (0,0,0))
((72,88,8) (79,95,15) (0,0,0))
((80,88,8) (87,95,15) (0,0,0))
((72,96,8) (79,103,15) (0,0,0))
((80,96,8) (87,103,15) (0,0,0))
((88,88,0) (95,95,7) (0,0,0))
((96,88,0) (103,95,7) (0,0,0))
((88,96,0) (95,103,7) (0,0,0))
((96,96,0) (103,103,7) (0,0,0))
((88,88,8) (95,95,15) (0,0,0))
((96,88,8) (103,95,15) (0,0,0))
((88,96,8) (95,103,15) (0,0,0))
((96,96,8) (103,103,15) (0,0,0))
((72,72,16) (79,79,23) (0,0,0))
((80,72,16) (87,79,23) (0,0,0))
((72,80,16) (79,87,23) (0,0,0))
((80,80,16) (87,87,23) (0,0,0))
((88,72,16) (95,79,23) (0,0,0))
((96,72,16) (103,79,23) (0,0,0))
((88,80,16) (95,87,23) (0,0,0))
((96,80,16) (103,87,23) (0,0,0))
((72,88,16) (79,95,23) (0,0,0))
((80,88,16) (87,95,23) (0,0,0))
((72,96,16) (79,103,23) (0,0,0))
((80,96,16) (87,103,23) (0,0,0))
((88,88,16) (95,95,23) (0,0,0))
((96,88,16) (103,95,23) (0,0,0))
((88,96,16) (95,103,23) (0,0,0))
((96,96,16) (103,103,23) (0,0,0))
((104,72,0) (111,79,7) (0,0,0))
((112,72,0) (119,79,7) (0,0,0))
((104,80,0) (111,87,7) (0,0,0))
((112,80,0) (119,87,7) (0,0,0))
((104,72,8) (111,79,15) (0,0,0))
((112,72,8) (119,79,15) (0,0,0))
((104,80,8) (111,87,15) (0,0,0))
((112,80,8) (119,87,15) (0,0,0))
((104,88,0) (111,95,7) (0,0,0))
((112,88,0) (119,95,7) (0,0,0))
((104,96,0) (111,103,7) (0,0,0))
((112,96,0) (119,103,7) (0,0,0))
((104,88,8) (111,95,15) (0,0,0))
((112,88,8) (119,95,15) (0,0,0))
((104,96,8) (111,103,15) (0,0,0))
((112,96,8) (119,103,15) (0,0,0))
((104,72,16) (111,79,23) (0,0,0))
((112,72,16) (119,79,23) (0,0,0))
((104,80,16) (111,87,23) (0,0,0))
((112,80,16) (119,87,23) (0,0,0))
((104,88,16) (111,95,23) (0,0,0))
((112,88,16) (119,95,23) (0,0,0))
((104,96,16) (111,103,23) (0,0,0))
((112,96,16) (119,103,23) (0,0,0))
((72,104,0) (79,111,7) (0,0,0))
((80,104,0) (87,111,7) (0,0,0))
((72,112,0) (79,119,7) (0,0,0))
((80,112,0) (87,119,7) (0,0,0))
((72,104,8) (79,111,15) (0,0,0))
((80,104,8) (87,111,15) (0,0,0))
((72,112,8) (79,119,15) (0,0,0))
((80,112,8) (87,119,15) (0,0,0))
((88,104,0) (95,111,7) (0,0,0))
((96,104,0) (103,111,7) (0,0,0))
((88,112,0) (95,119,7) (0,0,0))
((96,112,0) (103,119,7) (0,0,0))
((88,104,8) (95,111,15) (0,0,0))
((96,104,8) (103,111,15) (0,0,0))
((88,112,8) (95,119,15) (0,0,0))
((96,112,8) (103,119,15) (0,0,0))
((72,104,16) (79,111,23) (0,0,0))
((80,104,16) (87,111,23) (0,0,0))
((72,112,16) (79,119,23) (0,0,0))
((80,112,16) (87,119,23) (0,0,0))
((88,104,16) (95,111,23) (0,0,0))
((96,104,16) (103,111,23) (0,0,0))
((88,112,16) (95,119,23) (0,0,0))
((96,112,16) (103,119,23) (0,0,0))
((104,104,0) (111,111,7) (0,0,0))
((112,104,0) (119,111,7) (0,0,0))
((104,112,0) (111,119,7) (0,0,0))
((112,112,0) (119,119,7) (0,0,0))
((104,104,8) (111,111,15) (0,0,0))
((112,104,8) (119,111,15) (0,0,0))
((104,112,8) (111,119,15) (0,0,0))
((112,112,8) (119,119,15) (0,0,0))
((104,104,16) (111,111,23) (0,0,0))
((112,104,16) (119,111,23) (0,0,0))
((104,112,16) (111,119,23) (0,0,0))
((112,112,16) (119,119,23) (0,0,0))
((72,72,24) (79,79,31) (0,0,0))
((80,72,24) (87,79,31) (0,0,0))
((72,80,24) (79,87,31) (0,0,0))
((80,80,24) (87,87,31) (0,0,0))
((72,72,32) (79,79,39) (0,0,0))
((80,72,32) (87,79,39) (0,0,0))
((72,80,32) (79,87,39) (0,0,0))
((80,80,32) (87,87,39) (0,0,0))
((88,72,24) (95,79,31) (0,0,0))
((96,72,24) (103,79,31) (0,0,0))
((88,80,24) (95,87,31) (0,0,0))
((96,80,24) (103,87,31) (0,0,0))
((88,72,32) (95,79,39) (0,0,0))
((96,72,32) (103,79,39) (0,0,0))
((88,80,32) (95,87,39) (0,0,0))
((96,80,32) (103,87,39) (0,0,0))
((72,88,24) (79,95,31) (0,0,0))
((80,88,24) (87,95,31) (0,0,0))
((72,96,24) (79,103,31) (0,0,0))
((80,96,24) (87,103,31) (0,0,0))
((72,88,32) (79,95,39) (0,0,0))
((80,88,32) (87,95,39) (0,0,0))
((72,96,32) (79,103,39) (0,0,0))
((80,96,32) (87,103,39) (0,0,0))
((88,88,24) (95,95,31) (0,0,0))
((96,88,24) (103,95,31) (0,0,0))
((88,96,24) (95,103,31) (0,0,0))
((96,96,24) (103,103,31) (0,0,0))
((88,88,32) (95,95,39) (0,0,0))
((96,88,32) (103,95,39) (0,0,0))
((88,96,32) (95,103,39) (0,0,0))
((96,96,32) (103,103,39) (0,0,0))
((104,72,24) (111,79,31) (0,0,0))
((112,72,24) (119,79,31) (0,0,0))
((104,80,24) (111,87,31) (0,0,0))
((112,80,24) (119,87,31) (0,0,0))
((104,72,32) (111,79,39) (0,0,0))
((112,72,32) (119,79,39) (0,0,0))
((104,80,32) (111,87,39) (0,0,0))
((112,80,32) (119,87,39) (0,0,0))
((104,88,24) (111,95,31) (0,0,0))
((112,88,24) (119,95,31) (0,0,0))
((104,96,24) (111,103,31) (0,0,0))
((112,96,24) (119,103,31) (0,0,0))
((104,88,32) (111,95,39) (0,0,0))
((112,88,32) (119,95,39) (0,0,0))
((104,96,32) (111,103,39) (0,0,0))
((112,96,32) (119,103,39) (0,0,0))
((72,104,24) (79,111,31) (0,0,0))
((80,104,24) (87,111,31) (0,0,0))
((72,112,24) (79,119,31) (0,0,0))
((80,112,24) (87,119,31) (0,0,0))
((72,104,32) (79,111,39) (0,0,0))
((80,104,32) (87,111,39) (0,0,0))
((72,112,32) (79,119,39) (0,0,0))
((80,112,32) (87,119,39) (0,0,0))
((88,104,24) (95,111,31) (0,0,0))
((96,104,24) (103,111,31) (0,0,0))
((88,112,24) (95,119,31) (0,0,0))
((96,112,24) (103,119,31) (0,0,0))
((88,104,32) (95,111,39) (0,0,0))
((96,104,32) (103,111,39) (0,0,0))
((88,112,32) (95,119,39) (0,0,0))
((96,112,32) (103,119,39) (0,0,0))
((104,104,24) (111,111,31) (0,0,0))
((112,104,24) (119,111,31) (0,0,0))
((104,112,24) (111,119,31) (0,0,0))
((112,112,24) (119,119,31) (0,0,0))
((104,104,32) (111,111,39) (0,0,0))
((112,104,32) (119,111,39) (0,0,0))
((104,112,32) (111,119,39) (0,0,0))
((112,112,32) (119,119,39) (0,0,0))
)
180
FabOnDisk: Cell_D_00108 0
FabOnDisk: Cell_D_00110 0
FabOnDisk: Cell_D_00114 0
FabOnDisk: Cell_D_00118 0
FabOnDisk: Cell_D_00109 0
FabOnDisk: Cell_D_00112 0
FabOnDisk: Cell_D_00116 0
FabOnDisk: Cell_D_00122 0
FabOnDisk: Cell_D_00111 0
FabOnDisk: Cell_D_00144 0
FabOnDisk: Cell_D_00119 0
FabOnDisk: Cell_D_00150 0
FabOnDisk: Cell_D_00113 0
FabOnDisk: Cell_D_00146 0
FabOnDisk: Cell_D_00123 0
FabOnDisk: Cell_D_00154 0
FabOnDisk: Cell_D_00115 0
FabOnDisk: Cell_D_00120 0
FabOnDisk: Cell_D_00180 0
FabOnDisk: Cell_D_00184 0
FabOnDisk: Cell_D_00117 0
FabOnDisk: Cell_D_00124 0
FabOnDisk: Cell_D_00182 0
FabOnDisk: Cell_D_00188 0
FabOnDisk: Cell_D_00121 0
FabOnDisk: Cell_D_00152 0
FabOnDisk: Cell_D_00185 0
FabOnDisk: Cell_D_00016 0
FabOnDisk: Cell_D_00125 0
FabOnDisk: Cell_D_00156 0
FabOnDisk: Cell_D_00189 0
FabOnDisk: Cell_D_00020 0
FabOnDisk: Cell_D_00126 0
FabOnDisk: Cell_D_00128 0
FabOnDisk: Cell_D_00132 0
FabOnDisk: Cell_D_00136 0
FabOnDisk: Cell_D_00129 0
FabOnDisk: Cell_D_00162 0
FabOnDisk: Cell_D_00137 0
FabOnDisk: Cell_D_00168 0
FabOnDisk: Cell_D_00133 0
FabOnDisk: Cell_D_00138 0
FabOnDisk: Cell_D_00198 0
FabOnDisk: Cell_D_00002 0
FabOnDisk: Cell_D_00139 0
FabOnDisk: Cell_D_00170 0
FabOnDisk: Cell_D_00003 0
FabOnDisk: Cell_D_00034 0
FabOnDisk: Cell_D_00145 0
FabOnDisk: Cell_D_00148 0
FabOnDisk: Cell_D_00151 0
FabOnDisk: Cell_D_00158 0
FabOnDisk: Cell_D_00147 0
FabOnDisk: Cell_D_00149 0
FabOnDisk: Cell_D_00155 0
FabOnDisk: Cell_D_00160 0
FabOnDisk: Cell_D_00153 0
FabOnDisk: Cell_D_00159 0
FabOnDisk: Cell_D_00017 0
FabOnDisk: Cell_D_00024 0
FabOnDisk: Cell_D_00157 0
FabOnDisk: Cell_D_00161 0
FabOnDisk: Cell_D_00021 0
FabOnDisk: Cell_D_00026 0
FabOnDisk: Cell_D_00163 0
FabOnDisk: Cell_D_00166 0
FabOnDisk: Cell_D_00169 0
FabOnDisk: Cell_D_00176 0
FabOnDisk: Cell_D_00171 0
FabOnDisk: Cell_D_00177 0
FabOnDisk: Cell_D_00035 0
FabOnDisk: Cell_D_00042 0
FabOnDisk: Cell_D_00181 0
FabOnDisk: Cell_D_00186 0
FabOnDisk: Cell_D_00192 0
FabOnDisk: Cell_D_00194 0
FabOnDisk: Cell_D_00183 0
FabOnDisk: Cell_D_00190 0
FabOnDisk: Cell_D_00193 0
FabOnDisk: Cell_D_00196 0
FabOnDisk: Cell_D_00187 0
FabOnDisk: Cell_D_00018 0
FabOnDisk: Cell_D_00195 0
FabOnDisk: Cell_D_00028 0
FabOnDisk: Cell_D_00191 0
FabOnDisk: Cell_D_00022 0
FabOnDisk: Cell_D_00197 0
FabOnDisk: Cell_D_00030 0
FabOnDisk: Cell_D_00199 0
FabOnDisk: Cell_D_00004 0
FabOnDisk: Cell_D_00010 0
FabOnDisk: Cell_D_00012 0
FabOnDisk: Cell_D_00005 0
FabOnDisk: Cell_D_00036 0
FabOnDisk: Cell_D_00013 0
FabOnDisk: Cell_D_00046 0
FabOnDisk: Cell_D_00019 0
FabOnDisk: Cell_D_00025 0
FabOnDisk: Cell_D_00029 0
FabOnDisk: Cell_D_00032 0
FabOnDisk: Cell_D_00023 0
FabOnDisk: Cell_D_00027 0
FabOnDisk: Cell_D_00031 0
FabOnDisk: Cell_D_00033 0
FabOnDisk: Cell_D_00037 0
FabOnDisk: Cell_D_00043 0
FabOnDisk: Cell_D_00047 0
FabOnDisk: Cell_D_00050 0
FabOnDisk: Cell_D_00127 0
FabOnDisk: Cell_D_00130 0
FabOnDisk: Cell_D_00134 0
FabOnDisk: Cell_D_00140 0
FabOnDisk: Cell_D_00052 0
FabOnDisk: Cell_D_00053 0
FabOnDisk: Cell_D_00055 0
FabOnDisk: Cell_D_00057 0
FabOnDisk: Cell_D_00131 0
FabOnDisk: Cell_D_00164 0
FabOnDisk: Cell_D_00141 0
FabOnDisk: Cell_D_00172 0
FabOnDisk: Cell_D_00054 0
FabOnDisk: Cell_D_00061 0
FabOnDisk: Cell_D_00058 0
FabOnDisk: Cell_D_00064 0
FabOnDisk: Cell_D_00135 0
FabOnDisk: Cell_D_00142 0
FabOnDisk: Cell_D_00000 0
FabOnDisk: Cell_D_00006 0
FabOnDisk: Cell_D_00056 0
FabOnDisk: Cell_D_00059 0
FabOnDisk: Cell_D_00070 0
FabOnDisk: Cell_D_00072 0
FabOnDisk: Cell_D_00143 0
FabOnDisk: Cell_D_00174 0
FabOnDisk: Cell_D_00007 0
FabOnDisk: Cell_D_00038 0
FabOnDisk: Cell_D_00060 0
FabOnDisk: Cell_D_00066 0
FabOnDisk: Cell_D_00073 0
FabOnDisk: Cell_D_00079 0
FabOnDisk: Cell_D_00165 0
FabOnDisk: Cell_D_00167 0
FabOnDisk: Cell_D_00173 0
FabOnDisk: Cell_D_00178 0
FabOnDisk: Cell_D_00062 0
FabOnDisk: Cell_D_00063 0
FabOnDisk: Cell_D_00065 0
FabOnDisk: Cell_D_00068 0
FabOnDisk: Cell_D_00175 0
FabOnDisk: Cell_D_00179 0
FabOnDisk: Cell_D_00039 0
FabOnDisk: Cell_D_00044 0
FabOnDisk: Cell_D_00067 0
FabOnDisk: Cell_D_00069 0
FabOnDisk: Cell_D_00080 0
FabOnDisk: Cell_D_00083 0
FabOnDisk: Cell_D_00001 0
FabOnDisk: Cell_D_00008 0
FabOnDisk: Cell_D_00011 0
FabOnDisk: Cell_D_00014 0
FabOnDisk: Cell_D_00071 0
FabOnDisk: Cell_D_00074 0
FabOnDisk: Cell_D_00076 0
FabOnDisk: Cell_D_00077 0
FabOnDisk: Cell_D_00009 0
FabOnDisk: Cell_D_00040 0
FabOnDisk: Cell_D_00015 0
FabOnDisk: Cell_D_00048 0
FabOnDisk: Cell_D_00075 0
FabOnDisk: Cell_D_00081 0
FabOnDisk: Cell_D_00078 0
FabOnDisk: Cell_D_00085 0
FabOnDisk: Cell_D_00041 0
FabOnDisk: Cell_D_00045 0
FabOnDisk: Cell_D_00049 0
FabOnDisk: Cell_D_00051 0
FabOnDisk: Cell_D_00082 0
FabOnDisk: Cell_D_00084 0
FabOnDisk: Cell_D_00086 0
FabOnDisk: Cell_D_00087 0

180,5
-8.06579979205081497e-21,2.32990533914239711e-01,2.97999999956861245e+02,-2.15024533774602846e-05,-6.16575281990209803e+01,
6.82627202715310731e-16,2.04990449809362235e-01,2.97999999975145954e+02,-2.15023861125983099e-05,-9.23198242160615109e+02,
6.83625844686423043e-16,2.05044401343385113e-01,2.97999999975082233e+02,-2.15023862068851692e-05,-9.39709286179355331e+02,
2.53209794860941887e-11,3.99314072014900143e-02,2.98000001853313506e+02,-2.14758769853454822e-05,-3.75003170210328847e+01,
2.23120949891241987e-15,2.23815772018889358e-01,2.97999999782327848e+02,-2.15002672065881759e-05,-6.95909532927104522e+01,
2.03255737120694950e-10,1.33565382686169021e-01,2.98000043528906758e+02,-2.13404903756800501e-05,-2.34716142970987107e+02,
2.03282076852009529e-10,1.33644133900159529e-01,2.98000043905016355e+02,-2.13407193331643153e-05,-2.62658294395916755e+02,
5.40576930390481899e-11,2.93239037133603588e-02,3.09293580671908160e+02,1.74868987979806046e-04,8.29827634246488401e+02,
2.10411262614486957e-12,1.45597013614794657e-01,2.98000000281153461e+02,-2.15003276937349580e-05,-8.01584655425274605e+02,
2.10458430900331648e-12,1.45596269678823803e-01,2.98000000281407381e+02,-2.15003273665872320e-05,-8.01001363361777976e+02,
4.21833563042987233e-10,3.48695775627663740e-02,2.98002842104364674e+02,2.26718308794642954e-06,-1.26085746163828691e+01,
4.33461904506761483e-10,3.48576387201919302e-02,2.98002841357949535e+02,2.29537969572079265e-06,-1.25951697758060561e+01,
5.68856864469593047e-09,8.76815680107352197e-02,2.98077457928411889e+02,-1.80658329611007600e-05,-4.48051895709089081e+01,
5.68930636866147146e-09,8.76825902108314958e-02,2.98077484575239794e+02,-1.80655951809814962e-05,-4.45341105305223266e+01,
-8.36514622352266870e-07,2.23386379152367212e-02,9.74609037534393906e+02,1.83282904699825569e-02,2.14697979713298529e+07,
-8.33835802394283275e-07,2.23360764481752225e-02,9.74911657537539440e+02,1.83282214889203612e-02,2.14597164643915333e+07,
2.09448629998853032e-12,1.45798772192667792e-01,2.98000000281272776e+02,-2.15003348217307969e-05,-8.12866091681918533e+02,
3.82502747975819682e-10,3.48722428800141218e-02,2.98002882109409711e+02,2.20139503801631873e-06,-1.27213459719583284e+01,
2.07214267411513891e-12,1.45812413817539066e-01,2.98000000266193979e+02,-2.15003422662380845e-05,-8.49614737623451674e+02,
2.79796037962319758e-10,3.48373466311770255e-02,2.98002885893919597e+02,2.09384402880013296e-06,-1.32955285823871154e+01,
5.83420553581335421e-09,8.79206256144240833e-02,2.98077195075612735e+02,-1.80779127571381076e-05,-1.06634612491972334e+02,
-7.92732612059504360e-07,2.23371543179137419e-02,9.82265596237699128e+02,1.83085331483815797e-02,2.14103800699862987e+07,
5.84254372885454287e-09,8.79358741726505161e-02,2.98076780502110807e+02,-1.80914704262979968e-05,-2.25928237960882484e+02,
-7.86263914140348341e-07,2.23285236896951164e-02,9.83926990846686863e+02,1.82586443547251912e-02,2.12831197472519279e+07,
1.80064502654967849e-04,3.73313494378317706e-02,2.97999999986854675e+02,5.12514307343353501e-02,-1.17312839319222952e+01,
1.72047906420699120e-04,3.72106933430930986e-02,2.97999999987132867e+02,5.12390334203877210e-02,-1.13380291706546021e+01,
1.58004390271321499e-04,3.70130980206475613e-02,2.97999999989290984e+02,5.12182486953185884e-02,-8.39251661743962352e+00,
1.57714430406123110e-04,3.70083202836623201e-02,2.97999999988994830e+02,5.12177549589098238e-02,-8.43122553020635124e+00,
4.16464166521165833e-10,2.23162947317592716e-02,2.97999999977201810e+02,5.15106592323924251e-02,-4.01937276619708470e+01,
4.17842266626259868e-10,2.23129455396532880e-02,2.97999999977102618e+02,5.15042437186667493e-02,-4.71644235458778738e+01,
3.25369134423103518e-10,2.23066606892286662e-02,2.97999999976758033e+02,5.14789697501717991e-02,-1.18754581824713625e+02,
3.24174473404835602e-10,2.23068952701658274e-02,2.97999999976485526e+02,5.14789039647463934e-02,-1.18340878164138502e+02,
4.24762476531273457e-11,1.89390827102320192e-01,2.98000009118385094e+02,-2.13964229096117727e-05,-9.36282320843940710e+01,
8.89891152135476673e-09,1.00931941881224951e-01,2.98265040816859369e+02,-1.61242774680802910e-05,-8.05321865231728111e+01,
8.98530871463766390e-09,1.01036764509553428e-01,2.98265246459718185e+02,-1.61232852716050084e-05,-7.28164710170084106e+01,
4.15601997600718957e-10,2.64921901164515555e-02,6.97187590573233024e+02,7.97966705155084971e-03,3.81620659259527631e+05,
8.32916347596481900e-10,6.77068579838217693e-02,3.46571120732832071e+02,8.51360873070983138e-04,2.51417286086806189e+03,
8.33282668888333409e-10,6.77075366252540833e-02,3.46581564847451375e+02,8.51537761387488623e-04,2.51463710182498380e+03,
5.67303182266408286e-10,1.93620148854970406e-02,1.56997391475183031e+03,3.18986581955766485e-02,1.41810190654112082e+07,
5.66679048076218872e-10,1.93618071922080845e-02,1.56988762254336552e+03,3.18958208960989295e-02,1.41777049749634005e+07,
8.17050354782764500e-10,6.80429419651692319e-02,3.46634171702218055e+02,8.52198663505497481e-04,2.58784721668072598e+03,
5.66361631849956166e-10,1.93705820915775345e-02,1.56922179336371414e+03,3.18725426339221268e-02,1.41098562933897004e+07,
8.31260671890861332e-10,6.80613689035756558e-02,3.46783599391123062e+02,8.54712924952813003e-04,2.61483446275432289e+03,
5.44996294086313478e-10,1.93713028102608063e-02,1.56778773290410368e+03,3.18230463312821968e-02,1.39770228575523701e+07,
5.26845588806682154e-10,1.93498530538126802e-02,2.98000001024434653e+02,5.18992910183001116e-02,-1.15439257898510988e+02,
5.27317855362719478e-10,1.93480904679250790e-02,2.98000001030440671e+02,5.18979912932467508e-02,-1.16815420772808807e+02,
4.65118321931434372e-10,1.93489415334394468e-02,2.98000001367815287e+02,5.18366023070770052e-02,-5.67540884400364547e+01,
4.62520367025347484e-10,1.93485380849458648e-02,2.98000001372687905e+02,5.18359581937005709e-02,-5.64520883799184432e+01,
6.82575000249634790e-16,2.04984191839686192e-01,2.97999999975154537e+02,-2.15023861193297960e-05,-9.22836858795696685e+02,
-8.17380319258821067e-21,2.32990513887683187e-01,2.97999999956380350e+02,-2.15024533776772165e-05,-6.16598395568382855e+01,
2.53291245436206814e-11,3.99559877377752004e-02,2.98000001867930678e+02,-2.14758646160441796e-05,-3.74073808069665219e+01,
6.83297302980070250e-16,2.05033910597772401e-01,2.97999999975091612e+02,-2.15023862233589097e-05,-9.39835874627877160e+02,
2.03097429825327919e-10,1.33575828262228552e-01,2.98000043583222237e+02,-2.13405472843700162e-05,-2.34679171181527209e+02,
2.22924975497322737e-15,2.23815451791918252e-01,2.97999999782852115e+02,-2.15002674952204803e-05,-6.95914740162589567e+01,
5.42333449347987695e-11,2.93305630251426246e-02,3.09306559753560862e+02,1.74952431314889350e-04,8.34237893914442452e+02,
2.03071277167005501e-10,1.33655709434225861e-01,2.98000043969744752e+02,-2.13408034344724066e-05,-2.62656288751722229e+02,
4.04536660454834557e-10,3.48464858525776230e-02,2.98002880043545815e+02,2.24212947518925043e-06,-1.27016941516923740e+01,
2.09628266398620683e-12,1.45778076213269631e-01,2.98000000281689893e+02,-2.15003349210991424e-05,-8.12837633585375897e+02,
2.80213578409996354e-10,3.48305400438741961e-02,2.98002884484463095e+02,2.09528493731269912e-06,-1.32999494555248443e+01,
2.07458681962322154e-12,1.45792032477445405e-01,2.98000000266312838e+02,-2.15003425069676941e-05,-8.49416548562494540e+02,
-7.82164777492896335e-07,2.23335557055963779e-02,9.83693028028125127e+02,1.83095374279637450e-02,2.13989046891878434e+07,
5.83965925651972121e-09,8.79246259090737531e-02,2.98077240139005823e+02,-1.80779400495124279e-05,-1.06567407945528132e+02,
-7.78919058551521959e-07,2.23284264137149670e-02,9.85011915041594193e+02,1.82611247912310912e-02,2.12810261055861227e+07,
5.84767104231025342e-09,8.79389759545477767e-02,2.98076797011289727e+02,-1.80912285311815073e-05,-2.25869988267595801e+02,
8.89362648836734265e-09,1.00939930422480603e-01,2.98265201280346787e+02,-1.61235959573240593e-05,-8.04558688169641982e+01,
4.24216435111430625e-11,1.89390239602340860e-01,2.98000009121523021e+02,-2.13964414295414456e-05,-9.35700535400160049e+01,
4.15963364619404353e-10,2.64975587480057798e-02,6.97120599356445155e+02,7.97899097371287773e-03,3.81095868007431331e+05,
8.98354628325392922e-09,1.01045290119356118e-01,2.98265456494881221e+02,-1.61220638505815323e-05,-7.26429578691105178e+01,
5.66395898660830947e-10,1.93695479300435049e-02,1.56912122326720782e+03,3.18695190481995544e-02,1.41046974660531618e+07,
8.19655903132807993e-10,6.80525374314162185e-02,3.46648789381884512e+02,8.52447467544378314e-04,2.58788278795283668e+03,
5.43094684392888016e-10,1.93705253563213019e-02,1.56777033218693873e+03,3.18230290538603008e-02,1.39741771765920520e+07,
8.32752027095947633e-10,6.80707188901940458e-02,3.46795281884659971e+02,8.54941553490125381e-04,2.61518602641426423e+03,
6.71579479416933434e-16,2.05178301372415911e-01,2.97999999984724184e+02,-2.15023866438731733e-05,-1.02094045724459806e+03,
2.47202106119298558e-11,4.00516019017813571e-02,2.98000001845977749e+02,-2.14760936078958511e-05,-4.00643782394893933e+01,
-8.06591449937820011e-21,2.32990648600093525e-01,2.97999999975137257e+02,-2.15024533798268235e-05,-5.15329183096116736e+01,
6.71206119453158093e-16,2.05240927004628065e-01,2.97999999985020963e+02,-2.15023867650925632e-05,-1.03427862081622561e+03,
2.00066344540389905e-10,1.33815417435963147e-01,2.98000044135478163e+02,-2.13416212152593762e-05,-3.83451038370499248e+02,
4.44832368072989048e-11,2.94711134067532493e-02,3.09195961295555321e+02,1.72796598124870640e-04,6.26084656115693747e+02,
2.19634125252943623e-15,2.23797763984110776e-01,2.97999999919981917e+02,-2.15002825378694542e-05,-5.89283582434870894e+01,
1.99662538135849181e-10,1.33908807260538609e-01,2.98000044698031218e+02,-2.13419200934606170e-05,-4.06660872036361354e+02,
-4.24820851731048570e-10,3.48235285297559052e-02,2.98002923907219497e+02,2.01843037798249426e-06,-1.34569224290870793e+01,
-4.27645737993362211e-10,3.48233789237229613e-02,2.98002924992951591e+02,2.01977640412259794e-06,-1.34716685302879071e+01,
2.06015757505874011e-12,1.46025427214917680e-01,2.98000000271949489e+02,-2.15003510175350772e-05,-8.58429514220897886e+02,
2.06046308998085769e-12,1.46025161772251499e-01,2.98000000272164584e+02,-2.15003501133922650e-05,-8.58758496548983885e+02,
-7.40811348170774383e-07,2.23281771617559084e-02,9.94192928106068393e+02,1.82357922484195044e-02,2.12085621365003288e+07,
-7.40851403640112619e-07,2.23283696953697382e-02,9.94209330400495446e+02,1.82353163877416805e-02,2.12076284943058044e+07,
6.01613934180314933e-09,8.82214771762446920e-02,2.98076555382859055e+02,-1.81043551676325459e-05,-2.39992897781982236e+02,
6.01623804822011959e-09,8.82219374487823449e-02,2.98076561698995590e+02,-1.81039309387036843e-05,-2.40006020122377862e+02,
9.12383685027423811e-09,1.01220666623634090e-01,2.98265292318789477e+02,-1.61330353438011038e-05,-3.54963766572966648e+01,
3.98860610783072689e-10,2.67513930849666882e-02,6.97120008632661097e+02,7.97920002979605331e-03,3.76400494082836900e+05,
4.20401675662904231e-11,1.89136936109089215e-01,2.98000011445546477e+02,-2.13968432044192985e-05,-5.64183130440560916e+01,
9.21323863304899665e-09,1.01368556892955153e-01,2.98265678559977232e+02,-1.61306055681458261e-05,-3.10242457413001560e+01,
5.34068382950385863e-10,1.93860176886024305e-02,1.56685080556938919e+03,3.17910623258645039e-02,1.38877004875795431e+07,
5.32643416326933718e-10,1.93860500643202940e-02,1.56682557691375951e+03,3.17901121382859544e-02,1.38866054279399402e+07,
8.51251295020399733e-10,6.85199349626115645e-02,3.46906493263890923e+02,8.56500370715166520e-04,2.64401796725208214e+03,
8.53186198070884382e-10,6.85202520796282244e-02,3.46904671912713070e+02,8.56472098373002502e-04,2.64341879557509037e+03,
2.47045198890270560e-11,4.00581421986981948e-02,2.98000001850220315e+02,-2.14760903020511852e-05,-4.01125656863803641e+01,
6.72149534302293423e-16,2.05174715039542155e-01,2.97999999984705767e+02,-2.15023866489480865e-05,-1.02075305273622723e+03,
6.71461077615748843e-16,2.05237930083974784e-01,2.97999999985045235e+02,-2.15023867566979212e-05,-1.03453607589998387e+03,
-7.98380006202452169e-21,2.32990635092241799e-01,2.97999999975148626e+02,-2.15024533789722384e-05,-5.15326518644274927e+01,
4.47741618179481481e-11,2.94719173257050535e-02,3.09201033405881617e+02,1.72831097535782212e-04,6.28210175295779209e+02,
2.00268272667003945e-10,1.33814007743483232e-01,2.98000044141075307e+02,-2.13416429985543384e-05,-3.83420090326399588e+02,
1.99820057946645308e-10,1.33913036509912237e-01,2.98000044724994893e+02,-2.13419156831850530e-05,-4.06753704613851085e+02,
2.20021404857909937e-15,2.23796435248875020e-01,2.97999999918924743e+02,-2.15002816488264747e-05,-5.89274641672347315e+01,
3.98962684337993245e-10,2.67537239697474248e-02,6.97101053159972480e+02,7.97961871594673154e-03,3.76267214064296917e+05,
9.14051143754861190e-09,1.01226333415002603e-01,2.98265373865224944e+02,-1.61315232279828980e-05,-3.52765075141665179e+01,
9.22721601694198561e-09,1.01370701337694866e-01,2.98265730865354215e+02,-1.61288611978337646e-05,-3.10019295754964617e+01,
4.21564161075579125e-11,1.89132557650964872e-01,2.98000011443574465e+02,-2.13967936761494261e-05,-5.63466412531642575e+01,
1.62903442405846501e-08,1.62859484624997553e-01,2.98015106487161233e+02,-2.05994638169620989e-05,-7.79700482435023616e+01,
3.46917082437052856e-10,8.84160395829485107e-02,3.22228638109483427e+02,3.70608594954568331e-04,2.44939518202045207e+02,
3.53437815500207395e-10,8.86104208563709278e-02,3.22366120394903760e+02,3.72897144602430688e-04,2.62961699232409899e+02,
1.02692918542306900e-10,2.64378546076465028e-02,1.07744869551142574e+03,1.72267130382755818e-02,2.80522205823001591e+06,
4.73107659333695311e-07,1.47726762617603702e-01,2.98952243426643065e+02,-8.48943669216763046e-06,-7.51229914812374577e+00,
3.64970047138436600e-10,8.53970322932090381e-02,4.52202037467622290e+02,2.77151299841612133e-03,4.87453868676596630e+03,
3.64025664028758601e-10,8.57444513557538979e-02,4.53370927534215411e+02,2.79424669249364903e-03,4.94173546422085656e+03,
2.34006401696046260e-10,2.82045978546887864e-02,1.26912122367457437e+03,2.24708430349477260e-02,2.16586354251427948e+06,
1.33400925631196927e-10,6.23548278629277170e-02,6.32572701161068608e+02,6.54801894089697412e-03,9.62851119761646987e+04,
1.34436814751366239e-10,6.23554228790594994e-02,6.32578898437166913e+02,6.54815304407157205e-03,9.62543398276540684e+04,
1.32590562858165227e-10,1.86630881008964418e-02,1.72543653645575864e+03,3.70119207868815706e-02,9.07811084168167226e+06,
1.32297417854873482e-10,1.86629921281418892e-02,1.72537229898578357e+03,3.70099596154305627e-02,9.07711429574521072e+06,
1.93498209258005153e-10,6.22582708859403325e-02,8.85606438460430468e+02,1.23421102807453036e-02,4.61386449762950419e+05,
1.93444175448000392e-10,6.22588732768326741e-02,8.85544763905489049e+02,1.23405142794034053e-02,4.61038997412340774e+05,
2.58913639295060160e-10,1.89101908863761187e-02,1.77377040650312483e+03,3.83654656831330446e-02,5.35157009069225471e+06,
2.58912389114303116e-10,1.89101404754129267e-02,1.77370583513402539e+03,3.83631136911383522e-02,5.35125356747346558e+06,
1.31774277288520476e-10,6.29565777119039521e-02,6.33748950593958170e+02,6.57337490285946676e-03,9.65924048650047916e+04,
1.41684115206670429e-10,1.87334125833603406e-02,1.72439520352996828e+03,3.69719980664346068e-02,8.99268619423079863e+06,
1.33641753560477305e-10,6.29881209959469307e-02,6.35109683342243784e+02,6.60342883606007073e-03,9.69965403766159288e+04,
1.45036567266380139e-10,1.87402339338119811e-02,1.72269948063672859e+03,3.69076638223405987e-02,8.83578715797996521e+06,
2.23598777684040982e-10,6.29067095303474655e-02,8.88748738320004009e+02,1.24191426748971340e-02,4.63507991338334861e+05,
2.66383525742907349e-10,1.90440878653365848e-02,1.77186838028010789e+03,3.82524306608708273e-02,5.26491692036685068e+06,
2.23615527943891385e-10,6.29407950692781326e-02,8.91629862826669751e+02,1.24904882926312709e-02,4.65233614836436638e+05,
2.57068629562021121e-10,1.90607327101355202e-02,1.76715201181873499e+03,3.80751595561835549e-02,5.10875843273080513e+06,
1.17408966125327351e-09,1.79528020314617814e-02,2.98099023160670185e+02,5.10601876454815848e-02,-9.54860902535383929e+01,
1.17275779898523562e-09,1.79520285590785943e-02,2.98100366967161335e+02,5.10596311189929764e-02,-9.70193290077017565e+01,
9.04369531612833786e-10,1.79671205134953986e-02,2.98135025170931385e+02,5.09245915316213216e-02,2.20972539787950861e+00,
9.02981585287756124e-10,1.79654115495197914e-02,2.98135727466782328e+02,5.09235626903443844e-02,1.80281346191300584e+00,
4.12285481993899538e-10,1.64050190257224310e-02,1.98161583782474509e+03,4.93732970699290868e-02,7.49868166268534493e+06,
4.12648525627381352e-10,1.64049901048026678e-02,1.98163883076555089e+03,4.93725334286806705e-02,7.49821322110101394e+06,
3.61630972624657112e-10,1.64306228822590356e-02,1.98256292178103809e+03,4.91048454960082911e-02,7.41018088339541294e+06,
3.62025740000237335e-10,1.64306023775641942e-02,1.98258567996267243e+03,4.91034057995291956e-02,7.40987959073370788e+06,
3.46440078268290191e-10,8.84255821870039843e-02,3.22232964818639857e+02,3.70675943155523947e-04,2.45159681888780341e+02,
1.62654607186159346e-08,1.62865887564834916e-01,2.98015106834107371e+02,-2.05997730863075396e-05,-7.79560011366272363e+01,
1.02674553304258191e-10,2.64424274804152606e-02,1.07738637814733215e+03,1.72255570172981098e-02,2.80283228619269608e+06,
3.53432748852838874e-10,8.86158645612623447e-02,3.22389393841637741e+02,3.73298170870822038e-04,2.63391742404792069e+02,
3.64541408231292418e-10,8.54084899360147282e-02,4.52181682533184187e+02,2.77107372711468637e-03,4.87109478978839797e+03,
4.73015227597324439e-07,1.47736970580395893e-01,2.98954021430538887e+02,-8.47016226099764273e-06,-7.50959135480766271e+00,
2.33815099380089409e-10,2.82069155796768924e-02,1.26904178024976113e+03,2.24686924240045799e-02,2.16491936542324815e+06,
3.64141469797943743e-10,8.57562258040495962e-02,4.53393626160783015e+02,2.79457056073626310e-03,4.94103980951677295e+03,
1.41765367039264182e-10,1.87331060223922229e-02,1.72431784851582825e+03,3.69697180487413568e-02,8.99017682117408328e+06,
1.31828038992985235e-10,6.29626748399563507e-02,6.33813877131596200e+02,6.57486013240771768e-03,9.65885014227004576e+04,
1.45112637469608600e-10,1.87400058061649166e-02,1.72263938437961087e+03,3.69058854329911562e-02,8.83348961395598575e+06,
1.33623072834345563e-10,6.29944328806844173e-02,6.35165422357972488e+02,6.60471068356386325e-03,9.69966283643883071e+04,
2.66541674935708533e-10,1.90440822693895735e-02,1.77181293853379884e+03,3.82500441859873058e-02,5.26410188518290408e+06,
2.23816075160429636e-10,6.29123506999987175e-02,8.88762086219139974e+02,1.24194219733958656e-02,4.63380321079552639e+05,
2.57268214131158737e-10,1.90609048861176307e-02,1.76705175405006958e+03,3.80720340463942541e-02,5.10785333184102457e+06,
2.23852867899052464e-10,6.29466576364084152e-02,8.91627707159070496e+02,1.24904692740107313e-02,4.65059274086742837e+05,
3.59769665599546294e-10,8.89346757496200513e-02,3.22964870101243775e+02,3.83219430893281306e-04,3.14053383831232111e+02,
9.02112572626309041e-11,2.67218304208087475e-02,1.07878042800401022e+03,1.72645335799173037e-02,2.75716353853857098e+06,
1.65940457165410936e-08,1.62283291890269521e-01,2.98015485302653303e+02,-2.05918882949125444e-05,-2.32427320075702966e+01,
3.89435522470699671e-10,8.92595385483733184e-02,3.23144836161340208e+02,3.86190884112049427e-04,3.18861339348307069e+02,
3.60760981701598693e-10,8.63156721300036012e-02,4.57996261044906305e+02,2.88633828854201495e-03,5.21106333602274390e+03,
2.32565573659328581e-10,2.88455719382507136e-02,1.27148875680616879e+03,2.25414449511073950e-02,2.02381606505847606e+06,
5.00546080180192376e-07,1.46926773626460172e-01,2.99029349829304692e+02,-7.49813819143865675e-06,-1.47581871037728285e+00,
3.86832562663651674e-10,8.68709838417878188e-02,4.59501785048353156e+02,2.91578553922055509e-03,5.29595650355370708e+03,
1.83693394647607736e-10,1.88164685586424719e-02,1.72120161421244734e+03,3.68506835966738097e-02,8.72885318086534552e+06,
1.84451043071493202e-10,1.88165333081999758e-02,1.72117824973237248e+03,3.68500001191828450e-02,8.72766329552009515e+06,
1.62063936024230916e-10,6.38611420997844265e-02,6.36689363442602371e+02,6.63740238096452179e-03,9.73802062624012178e+04,
1.61986275402058662e-10,6.38615066681406940e-02,6.36739130545669354e+02,6.63862298798376538e-03,9.74072758405286004e+04,
3.01689257576998077e-10,1.92400708390324388e-02,1.76236593314013703e+03,3.78984110649873557e-02,5.00407141039600130e+06,
3.01049880122737207e-10,1.92401786971572869e-02,1.76225274003241680e+03,3.78945654909558227e-02,5.00376732226060331e+06,
2.76608292553266433e-10,6.38964515201720235e-02,8.95359427340823231e+02,1.25820456803553936e-02,4.65231265537093335e+05,
2.76232317697532768e-10,6.38968862126238768e-02,8.95308096223957023e+02,1.25807929100791097e-02,4.65070774735064129e+05,
9.01582612053572803e-11,2.67244939770182564e-02,1.07876185052245978e+03,1.72646252373169495e-02,2.75623319920011843e+06,
3.60196499938342917e-10,8.89423604133528223e-02,3.22994754718160266e+02,3.83782194335374716e-04,3.14524487906616059e+02,
3.89585144707137768e-10,8.92640816709101004e-02,3.23171700282113989e+02,3.86712388386998716e-04,3.19281536512032346e+02,
1.66401432740732974e-08,1.62281344607158512e-01,2.98015506294881334e+02,-2.05916464993090194e-05,-2.32294668518434868e+01,
2.32611443738928685e-10,2.88500068714781510e-02,1.27143911333496430e+03,2.25403829358343556e-02,2.02270717110877065e+06,
3.61123831234038176e-10,8.63299661685367342e-02,4.58024416726068296e+02,2.88666289370946788e-03,5.20995562001081180e+03,
3.87008095288669783e-10,8.68888933614207909e-02,4.59487808594527223e+02,2.91526767416845807e-03,5.29268707784182425e+03,
5.00975263854098048e-07,1.46950799586305386e-01,2.99030650431864160e+02,-7.48672160615165496e-06,-1.47079336572954911e+00,

180,5
7.97841698296193520e-07,2.32999999999992297e-01,2.98234915998762119e+02,-1.46642512991470957e-05,3.97785249465172512e+01,
2.41907904806881545e-04,2.32999999996379936e-01,6.42913675572464172e+02,7.04630395091020156e-03,1.36511574172708532e+06,
2.41761107859251781e-04,2.32999999996393647e-01,6.42320925269427676e+02,7.03316900861236834e-03,1.35377173119248496e+06,
3.22851081349093752e-02,2.32999998511402795e-01,1.84111517476068775e+03,4.76909095837909427e-02,1.67637672805189109e+09,
3.89696514762522705e-05,2.32999999880332903e-01,4.24259328129022265e+02,2.24386245271595208e-03,1.38363884192740898e+04,
1.50253089912694761e-04,2.32999991518215321e-01,1.30557592889560510e+03,2.35829468479690080e-02,1.44320486990196630e+07,
1.50321234679836273e-04,2.32999991472720519e-01,1.30494013287207349e+03,2.35643778685821516e-02,1.43834903747121077e+07,
1.50712424287555288e-04,2.32341140170826577e-01,1.97126553060263677e+03,4.98215426146808721e-02,9.76508845235983580e+07,
1.09410309430982744e-03,2.32999999876378983e-01,1.19919399007452307e+03,2.10170060869542263e-02,4.88900437112108469e+07,
1.09426491073208779e-03,2.32999999876352420e-01,1.19919988415701891e+03,2.10171835144835860e-02,4.88911453889065683e+07,
5.49986845157940593e-02,2.32962358337683417e-01,1.84754784020100396e+03,5.50310371918680888e-02,2.43419199631698704e+09,
5.49986848046459878e-02,2.32962309117507871e-01,1.84773648459283322e+03,5.50310842689689175e-02,2.43412284582726479e+09,
1.54605878943052253e-04,2.32996153099848641e-01,1.64051496897152265e+03,3.44394761606999639e-02,4.19890445599218011e+07,
1.54627229106252696e-04,2.32996151414202768e-01,1.64050812385088011e+03,3.44392288259923948e-02,4.19881400030550510e+07,
3.44931118729591771e-02,1.66737019889954097e-01,1.98238952343539518e+03,5.36340583770408968e-02,2.63237140273640251e+09,
3.44821693555981343e-02,1.66705125338110216e-01,1.98243293899890409e+03,5.36339536160460179e-02,2.63213683655251408e+09,
1.08851885245057640e-03,2.32999999876788155e-01,1.19752667132340866e+03,2.09697481597089647e-02,4.85444801493441015e+07,
5.49986744414467724e-02,2.32962471767016871e-01,1.84753019847717542e+03,5.50301716037611618e-02,2.43204287344077587e+09,
1.08829603047291834e-03,2.32999999878098746e-01,1.19741377458861530e+03,2.09665617409242298e-02,4.85201074146639332e+07,
5.49986738496696242e-02,2.32962530399801276e-01,1.84774892399232954e+03,5.50301373085547441e-02,2.42954872132973433e+09,
1.54288971392027238e-04,2.32996169764507183e-01,1.63895216771080823e+03,3.43817102785954551e-02,4.18167658594904691e+07,
3.42093696991821045e-02,1.65906471357767510e-01,1.98239037270089716e+03,5.36277298358918478e-02,2.62986867634443378e+09,
1.54111429221612560e-04,2.32996194434673481e-01,1.63885227206814761e+03,3.43780273800330244e-02,4.18031031157620251e+07,
3.41477656840395855e-02,1.65725972021396079e-01,1.98253470616518553e+03,5.36267793768563719e-02,2.62636811662814808e+09,
5.50000000000000974e-02,2.20114577437755421e-01,1.82389966136785824e+03,5.51360750659151133e-02,2.36578714542791653e+09,
5.50000000000000627e-02,2.20108717608064552e-01,1.82455788164312617e+03,5.51361949646853242e-02,2.35530048678047895e+09,
5.49999999999998962e-02,2.20104025651890078e-01,1.82560092448292835e+03,5.51364411148248315e-02,2.33073693814932013e+09,
5.50000000000000142e-02,2.20103291713278332e-01,1.82563073729365487e+03,5.51364426485947065e-02,2.33024148789970255e+09,
5.49999998408502930e-02,2.19999999664014179e-01,1.98218044831833117e+03,5.52371976144448024e-02,2.97524953834330463e+09,
5.49999998405159563e-02,2.19999999663308382e-01,1.98223719282946490e+03,5.52373899472694205e-02,2.97703350946562481e+09,
5.49999998368799550e-02,2.19999999655601020e-01,1.98237594907875155e+03,5.52387716471475221e-02,2.98260639791913176e+09,
5.49999998371082377e-02,2.19999999656084522e-01,1.98237594616420824e+03,5.52387846915455560e-02,2.98268836388505363e+09,
3.93654280815273523e-05,2.32999995359353507e-01,8.02667383132382724e+02,1.03863681141869585e-02,4.77046005575779302e+05,
4.28218106794093939e-05,2.32989287451197680e-01,1.55701385139074023e+03,3.12409087901616075e-02,1.41672135027204733e+07,
4.27908716625357183e-05,2.32989276346679292e-01,1.55627244307585647e+03,3.12158510149282593e-02,1.41166831774860248e+07,
3.95583590658824718e-05,1.99768038350706112e-01,2.01956165668958693e+03,5.02229407376146991e-02,3.81212422392865568e+07,
4.57121242847614024e-05,2.29526582457970224e-01,1.78286486641490296e+03,3.92028588318180313e-02,2.31805982872838229e+07,
4.57080673880440417e-05,2.29525756788367535e-01,1.78286027734289837e+03,3.92026920888848621e-02,2.31799582839898542e+07,
1.80730963900875374e-08,9.82856642046559814e-02,2.03711063259340381e+03,5.34824328907593863e-02,1.01974957058383673e+08,
1.80856423528269575e-08,9.82975336246398462e-02,2.03712549801039540e+03,5.34823478140266928e-02,1.01956289605928361e+08,
4.55506814730695194e-05,2.29522780022738182e-01,1.78081042885117586e+03,3.91194981607094969e-02,2.30595330105257593e+07,
1.83047532101005683e-08,9.83948855140341916e-02,2.03711087968534866e+03,5.34725925558261622e-02,1.00940224432760164e+08,
4.55217122780312205e-05,2.29511900713492256e-01,1.78069771204554036e+03,3.91149476193566187e-02,2.30507451560246237e+07,
1.86775607435829131e-08,9.86019608951169135e-02,2.03713724641384169e+03,5.34713061171377194e-02,1.00778473101585642e+08,
5.49998586860675903e-02,2.19999700826615935e-01,2.03696222392440814e+03,5.53289219480080224e-02,3.12375482481226206e+09,
5.49998583354372184e-02,2.19999700085697247e-01,2.03698507974881454e+03,5.53284028368364808e-02,3.12613550533420849e+09,
5.49998531461109233e-02,2.19999689075377980e-01,2.03708231433851779e+03,5.53174168310437489e-02,3.14280698349590158e+09,
5.49998529688474486e-02,2.19999688700689505e-01,2.03708900531899394e+03,5.53173520139058558e-02,3.14291645654467487e+09,
2.41706574080922563e-04,2.32999999996380019e-01,6.42969468003867519e+02,7.04724356157284716e-03,1.36452249690510938e+06,
7.95950342148308958e-07,2.32999999999993157e-01,2.98235394823883155e+02,-1.46659138321663656e-05,3.96490212587150452e+01,
3.22097798876756075e-02,2.32999998510418388e-01,1.84123724286430729e+03,4.76781176722295488e-02,1.67221071469013381e+09,
2.41398243303582341e-04,2.32999999996396950e-01,6.42432815063941803e+02,7.03488064968102456e-03,1.35384494208131894e+06,
1.49874875913202140e-04,2.32999991519811156e-01,1.30548405130579658e+03,2.35804604778160169e-02,1.44217188424526155e+07,
3.88723004818658261e-05,2.32999999880349307e-01,4.24236755779437203e+02,2.24377667402806975e-03,1.38265895741294225e+04,
1.49476570758772550e-04,2.32340324371844015e-01,1.97127330970505295e+03,4.98188384302734183e-02,9.74356744399759173e+07,
1.49854177723416325e-04,2.32999991475159152e-01,1.30483196673708835e+03,2.35616131391130565e-02,1.43718930372976176e+07,
5.49986759323818769e-02,2.32962387330966358e-01,1.84775375313000995e+03,5.50304288620916682e-02,2.43173144649128151e+09,
1.09010432567387214e-03,2.32999999876787045e-01,1.19766971825535961e+03,2.09745888659550080e-02,4.85821452236577272e+07,
5.49986751121826004e-02,2.32962565422643847e-01,1.84776821275187808e+03,5.50303468423146772e-02,2.42927691618539858e+09,
1.08978852793132036e-03,2.32999999878110542e-01,1.19755393131283859e+03,2.09713257641176466e-02,4.85571836445259750e+07,
3.41577005115223098e-02,1.65754910807212802e-01,1.98244359220683464e+03,5.36274284073805160e-02,2.62927010191697407e+09,
1.54434212446666005e-04,2.32996167271386778e-01,1.63890813547521975e+03,3.43807406635273927e-02,4.18199189937034175e+07,
3.41084816702745958e-02,1.65610621122774193e-01,1.98253668249397333e+03,5.36265719468824315e-02,2.62623072889150095e+09,
1.54262149759398087e-04,2.32996193809023755e-01,1.63881412427444184e+03,3.43772752375956989e-02,4.18073620475474149e+07,
4.27749329207496658e-05,2.32989279539070143e-01,1.55694187541251108e+03,3.12390157353004717e-02,1.41593371882229913e+07,
3.92751836807481213e-05,2.32999995360868295e-01,8.02662952468961976e+02,1.03864256255084431e-02,4.76590071557195508e+05,
3.94560718481702386e-05,1.99769972865307760e-01,2.01953960902230847e+03,5.02206258073226025e-02,3.80948623409591243e+07,
4.27258955025165634e-05,2.32989266461138628e-01,1.55619098848034560e+03,3.12138217039988654e-02,1.41076560903632827e+07,
1.83205527038036680e-08,9.84075313680415481e-02,2.03713270009410212e+03,5.34720947757830814e-02,1.00846998012742519e+08,
4.55380873551612889e-05,2.29521645456637696e-01,1.78074424556511781e+03,3.91171210480071516e-02,2.30536231307923272e+07,
1.86966005021328541e-08,9.86020331495196800e-02,2.03714415457176915e+03,5.34708696235148342e-02,1.00706761422106758e+08,
4.55223975872698244e-05,2.29511054480860094e-01,1.78063326036501576e+03,3.91126321170985614e-02,2.30454387108014673e+07,
2.39357421656583881e-04,2.32999999996413382e-01,6.40846343955240854e+02,6.99829239023949754e-03,1.32353508512160042e+06,
3.21555845119306932e-02,2.32999998523316876e-01,1.84104626608094873e+03,4.76399170835595936e-02,1.66520418042489219e+09,
7.79838780205514011e-07,2.32999999999989910e-01,2.98232299380227971e+02,-1.47417621356824329e-05,8.79681482203541876e+00,
2.39193843630772213e-04,2.32999999996413187e-01,6.40162543676619748e+02,6.98287405566047452e-03,1.31051841463003610e+06,
1.48815719902523395e-04,2.32999991415757141e-01,1.30354674655517078e+03,2.35239064781836114e-02,1.42617329572481494e+07,
1.47693648903989390e-04,2.32347163792967104e-01,1.97080857492705536e+03,4.97696263194400829e-02,9.70628636358434856e+07,
3.87040043921002842e-05,2.32999999881052244e-01,4.24458867305492447e+02,2.24771263669176638e-03,1.38257467559800371e+04,
1.48795904499596709e-04,2.32999991336161061e-01,1.30277535831806313e+03,2.35018696010572438e-02,1.42006874973674100e+07,
5.49986647955678434e-02,2.32962676067866192e-01,1.84779265236173092e+03,5.50296406174346289e-02,2.42563066552323151e+09,
5.49986648227570388e-02,2.32962620883875038e-01,1.84777733399780959e+03,5.50296405617969747e-02,2.42556686175706673e+09,
1.08434031235016119e-03,2.32999999878789804e-01,1.19561772817215069e+03,2.09168112023057073e-02,4.81779792386820465e+07,
1.08399046072215482e-03,2.32999999878726355e-01,1.19561733841326804e+03,2.09168368656408310e-02,4.81731161013599038e+07,
3.37650906007837537e-02,1.64602129266880698e-01,1.98254157345523549e+03,5.36190590112536614e-02,2.62160843183884096e+09,
3.37644607866270097e-02,1.64600299079684653e-01,1.98254010703892163e+03,5.36190479381022586e-02,2.62157336884462738e+09,
1.53985933984944706e-04,2.32996209208857136e-01,1.63696904397358480e+03,3.43090647373565441e-02,4.16155742164974138e+07,
1.53583429123589117e-04,2.32996208771285823e-01,1.63696632354191820e+03,3.43089538796386220e-02,4.16135430738196895e+07,
4.25600910235534466e-05,2.32989299322410165e-01,1.55495525547664738e+03,3.11720404009047554e-02,1.39987417664949950e+07,
3.92525595711237541e-05,1.99767027522184115e-01,2.01849315429088847e+03,5.01433801908071769e-02,3.78472248186288029e+07,
3.91249719355990405e-05,2.32999994991128251e-01,8.05126504004800154e+02,1.04460057565139344e-02,4.77230649888951855e+05,
4.24657419884448415e-05,2.32989281154076966e-01,1.55390723439295971e+03,3.11368208427468020e-02,1.39346001807546448e+07,
1.89302695111191633e-08,9.87358967063329956e-02,2.03711168604771501e+03,5.34596624960782876e-02,9.96167799656263739e+07,
1.89386052975819624e-08,9.87398776758855040e-02,2.03711411471901420e+03,5.34596517218185602e-02,9.96163203757308424e+07,
4.53058675734758362e-05,2.29503858792934917e-01,1.77789103120857931e+03,3.90019988505611453e-02,2.29031341519351453e+07,
4.53157460536484407e-05,2.29504098550558061e-01,1.77788935449433279e+03,3.90019204973409209e-02,2.29031063372915871e+07,
3.21475535833770920e-02,2.32999998523032492e-01,1.84101653536823915e+03,4.76381609438769546e-02,1.66473528456950021e+09,
2.39680612913567375e-04,2.32999999996411855e-01,6.40890280657776657e+02,6.99920587959104029e-03,1.32424129564083298e+06,
2.38596508030978550e-04,2.32999999996415241e-01,6.40187911388338648e+02,6.98303258706588388e-03,1.31055962398793944e+06,
7.77840821466108727e-07,2.32999999999986995e-01,2.98232561374821444e+02,-1.47413061909102339e-05,8.67035932349486949e+00,
1.47427568968875320e-04,2.32346822084730398e-01,1.97080535286707277e+03,4.97693543873009570e-02,9.69760039263535142e+07,
1.48880103355093633e-04,2.32999991415479779e-01,1.30353946538470018e+03,2.35242305237055686e-02,1.42604907693469711e+07,
1.48467501729035244e-04,2.32999991335208823e-01,1.30274487425307620e+03,2.35008632612080728e-02,1.41986262193179801e+07,
3.86323472377284445e-05,2.32999999881005837e-01,4.24449324658558510e+02,2.24794332085616246e-03,1.38241449643563374e+04,
3.91772068072056254e-05,1.99764816036027665e-01,2.01848279164878659e+03,5.01427618138978529e-02,3.78458409685597494e+07,
4.26145416910881462e-05,2.32989295784353123e-01,1.55489952149157239e+03,3.11706939891561660e-02,1.39969439822299667e+07,
4.24341616526421260e-05,2.32989278635231972e-01,1.55388502805221719e+03,3.11363105774756926e-02,1.39333693508096822e+07,
3.90682383844582364e-05,2.32999994988642656e-01,8.05152716927700567e+02,1.04470465100855153e-02,4.77069131431135873e+05,
2.18341389078434675e-05,2.32999501601156234e-01,1.05385895020528301e+03,1.66286841772489390e-02,1.38622349088564864e+06,
2.30020569484802309e-05,2.31426680728516715e-01,1.65009671194934208e+03,3.41883561216613091e-02,1.06891843010803238e+07,
2.29360322231814615e-05,2.31417191868447558e-01,1.64878693138922586e+03,3.41417388546711997e-02,1.06233282222524639e+07,
5.22403097644750954e-06,1.60403068304113605e-01,2.03286860624204292e+03,5.01707693098290969e-02,2.13453828948245570e+07,
1.46248660164651142e-05,2.32956288015324087e-01,1.18670155578591584e+03,2.01866360967805844e-02,1.45420519339997158e+06,
1.47665367535022378e-05,2.21372706044052903e-01,1.67398620067022671e+03,3.48907329371247604e-02,7.05658802140424959e+06,
1.47223451524310694e-05,2.21277068346269035e-01,1.67164853389281257e+03,3.48078911334307670e-02,6.97430120621679910e+06,
5.41361600764641687e-07,1.38070295380432168e-01,2.03238145218553700e+03,4.93018783728892754e-02,1.23681300416045878e+07,
2.24829450196266556e-05,2.05577364642453575e-01,1.82582838262548262e+03,4.04429247899603730e-02,1.47275985807638951e+07,
2.24322549319023887e-05,2.05576569617023669e-01,1.82582406158669164e+03,4.04427792149677709e-02,1.47274100902215429e+07,
7.21674109867253929e-09,7.67205496644839113e-02,2.06912921841325351e+03,5.32731865265377788e-02,4.05481209025178179e+07,
7.21681944196180098e-09,7.67286500149952366e-02,2.06913259191483803e+03,5.32731614170690246e-02,4.05451279018016830e+07,
8.50873665151664396e-06,1.80999381221062572e-01,1.82836684288676429e+03,4.04594187075391909e-02,9.25107787891351990e+06,
8.48265411301884733e-06,1.81005971510716929e-01,1.82836219462012627e+03,4.04592715723944285e-02,9.25101814283204265e+06,
6.56571925805230270e-09,7.08074926397972565e-02,2.08193701903738929e+03,5.24291078642399461e-02,1.80251583906167783e+07,
6.56652993009021270e-09,7.08173035155375552e-02,2.08193628095086933e+03,5.24290938631696707e-02,1.80245764419589676e+07,
2.24002223788972611e-05,2.05469770882239527e-01,1.82214855057846762e+03,4.02946994421244722e-02,1.45855418311385009e+07,
6.84070599050224398e-09,7.68839392989515841e-02,2.06900999790893275e+03,5.32505205444678831e-02,4.00312586994913667e+07,
2.22823266733984297e-05,2.05342200490663290e-01,1.82195441923512476e+03,4.02869632590783927e-02,1.45761311658432763e+07,
6.80502397738183614e-09,7.71484135113814362e-02,2.06896390237666355e+03,5.32477251556519177e-02,3.99626224675943330e+07,
8.39359126414521454e-06,1.80672373536608810e-01,1.82386035383627382e+03,4.03000284611146203e-02,9.08369952880516089e+06,
6.25025776050316718e-09,7.12767290283903704e-02,2.08041446528873030e+03,5.23711376743909163e-02,1.77687647582654282e+07,
8.26990722998008835e-06,1.80369593686700691e-01,1.82363434448265457e+03,4.02916861454236247e-02,9.07317841578067839e+06,
6.19644174982666420e-09,7.20159466984527930e-02,2.08022593268121909e+03,5.23639809877192511e-02,1.77358336381330825e+07,
5.49875987732362098e-02,2.19978832575472238e-01,2.06922090373698347e+03,5.55395060659309506e-02,3.45677952867503691e+09,
5.49875321100042197e-02,2.19978750977732368e-01,2.06922933629945601e+03,5.55375248114923989e-02,3.45934288725583029e+09,
5.49858193924780969e-02,2.19976598093750281e-01,2.06905473616244171e+03,5.55111731079955123e-02,3.54215052463678932e+09,
5.49857817757686551e-02,2.19976549384765768e-01,2.06906379385979972e+03,5.55110627118795691e-02,3.54384385102956438e+09,
6.44958213765931742e-08,2.70873608361457408e-02,2.10488957837905082e+03,5.34945397434427317e-02,1.01776030885393828e+08,
6.43361207550148875e-08,2.70899692232970876e-02,2.10488971083331626e+03,5.34944923768284133e-02,1.01743323415258780e+08,
5.20547077798055382e-08,2.80506565870376132e-02,2.10477068981740558e+03,5.34936740416191506e-02,1.00189422222419336e+08,
5.19237431318813190e-08,2.80557665755667603e-02,2.10477079292389044e+03,5.34939614438959196e-02,1.00157727855354965e+08,
2.29435665752926808e-05,2.31426281359946168e-01,1.65001947841192055e+03,3.41860888560566803e-02,1.06862297285034806e+07,
2.17893204365587952e-05,2.32999501463108688e-01,1.05380531048228613e+03,1.66271488249855846e-02,1.38524781193449418e+06,
5.21518702547080410e-06,1.60407804272695881e-01,2.03284954173528240e+03,5.01691244193001040e-02,2.13382013673745021e+07,
2.28955344180108248e-05,2.31415461273090289e-01,1.64873127479390223e+03,3.41404387575714591e-02,1.06189960436372086e+07,
1.47083536817013819e-05,2.21374297820568749e-01,1.67390001921049475e+03,3.48880122414051835e-02,7.05555581855651457e+06,
1.45879737711922576e-05,2.32956204065482286e-01,1.18661800714317906e+03,2.01842204530128695e-02,1.45322344114282983e+06,
5.40610570676825248e-07,1.38079383880709117e-01,2.03236106488108908e+03,4.93010968885052928e-02,1.23656344156263117e+07,
1.47101651262170515e-05,2.21275635648647634e-01,1.67155763664943925e+03,3.48050934403951878e-02,6.97222695764086861e+06,
6.85108507407082372e-09,7.68932784880596021e-02,2.06902681186694963e+03,5.32499025216763150e-02,4.00010998552382439e+07,
2.23625839428145945e-05,2.05463303219886789e-01,1.82209994325771640e+03,4.02931855420828183e-02,1.45809250978945885e+07,
6.80723362079003014e-09,7.71557233021379629e-02,2.06897901091501126e+03,5.32470808617835425e-02,3.99347904872846529e+07,
2.22732246793286783e-05,2.05336749565995874e-01,1.82190465350695627e+03,4.02853973547935423e-02,1.45716918899820540e+07,
6.25753211999076860e-09,7.12866683270493157e-02,2.08040816030221367e+03,5.23706440175066706e-02,1.77594451986569390e+07,
8.38240720430338335e-06,1.80671116674379045e-01,1.82381433639122429e+03,4.02986288090406430e-02,9.08100380685282312e+06,
6.20447106819914156e-09,7.20289904484182342e-02,2.08021896582443469e+03,5.23634339938145524e-02,1.77266781498959661e+07,
8.26029336896497213e-06,1.80369622856822481e-01,1.82358703353926398e+03,4.02902328444454116e-02,9.07049603495892510e+06,
2.28226179009641284e-05,2.31374475438141797e-01,1.64658210629957784e+03,3.40644475375889572e-02,1.04863508381317295e+07,
5.15318165885325209e-06,1.60240935387823497e-01,2.03027595478479316e+03,5.00765407285651623e-02,2.11058604531754069e+07,
2.17692178480071111e-05,2.32999498661730059e-01,1.05890796668633629e+03,1.67642487480279476e-02,1.36394932724336418e+06,
2.26890833784259108e-05,2.31362150101340203e-01,1.64439350128532510e+03,3.39869360613604468e-02,1.03989633508922402e+07,
1.46252670336595004e-05,2.20889624066121670e-01,1.66759846687296908e+03,3.46735404302977793e-02,6.81058186814310122e+06,
5.19915850283403877e-07,1.37769308220225012e-01,2.02907791723711421e+03,4.91142654618555441e-02,1.21792292035523560e+07,
1.45169027164317411e-05,2.32952388575957570e-01,1.19324061645385564e+03,2.03749870418894474e-02,1.41334402789835818e+06,
1.46114430027921879e-05,2.20765810272898461e-01,1.66369025204201967e+03,3.45414736100455311e-02,6.70431917315718811e+06,
6.44819485553995130e-09,7.73829167434063603e-02,2.06872169088892224e+03,5.32202676879451400e-02,3.93856829423779324e+07,
6.44771785563104141e-09,7.73857247728513414e-02,2.06872242265397426e+03,5.32202283697423215e-02,3.93849067865684032e+07,
2.21295159988343904e-05,2.05197840797164965e-01,1.81653391651432958e+03,4.00731407249693139e-02,1.43975386947532445e+07,
2.21538928122644195e-05,2.05192831639468970e-01,1.81653118535088629e+03,4.00730516746955617e-02,1.43974460880881436e+07,
5.67757560581800627e-09,7.27526548363133102e-02,2.07833643998776324e+03,5.22909659391088619e-02,1.74681628738532178e+07,
5.67871630126819575e-09,7.27687473202150714e-02,2.07833537219049504e+03,5.22909042210179392e-02,1.74677039614876322e+07,
8.15095936388028539e-06,1.79981069620882533e-01,1.81729575293424728e+03,4.00581063030293338e-02,8.87358763568885811e+06,
8.15869757963490215e-06,1.79986423511227234e-01,1.81729249502217817e+03,4.00580003531519069e-02,8.87351544229895435e+06,
5.15964362319691660e-06,1.60240556774158494e-01,2.03025226960176565e+03,5.00756245841223191e-02,2.11027016114305817e+07,
2.28160072923879491e-05,2.31372168950028129e-01,1.64651248566055938e+03,3.40626178060474891e-02,1.04837028724108990e+07,
2.27175741198487954e-05,2.31360051706481884e-01,1.64434803818616592e+03,3.39858590838225602e-02,1.03976418914534841e+07,
2.18076365993006074e-05,2.32999497944102685e-01,1.05891757829004086e+03,1.67647116442009650e-02,1.36342512602456845e+06,
5.20968618228043453e-07,1.37773818902258011e-01,2.02904986555804408e+03,4.91129173511068856e-02,1.21772826647959389e+07,
1.46288383372385686e-05,2.20888259741054027e-01,1.66748107008839565e+03,3.46701477140546124e-02,6.80852703681196459e+06,
1.46341164617732823e-05,2.20768060239690311e-01,1.66356016343945316e+03,3.45372278237970273e-02,6.70316648314819299e+06,
1.45407018058677040e-05,2.32952338123483899e-01,1.19306226071645733e+03,2.03693150433317538e-02,1.41259962436359120e+06,
