1
1
5
0
(108 0
((0,0,0) (31,15,15) (0,0,0))
((0,16,0) (31,31,15) (0,0,0))
((0,0,16) (31,15,31) (0,0,0))
((0,16,16) (31,31,31) (0,0,0))
((32,0,0) (63,15,15) (0,0,0))
((32,16,0) (63,31,15) (0,0,0))
((32,0,16) (63,15,31) (0,0,0))
((32,16,16) (63,31,31) (0,0,0))
((0,32,0) (31,47,15) (0,0,0))
((0,48,0) (31,63,15) (0,0,0))
((0,32,16) (31,47,31) (0,0,0))
((0,48,16) (31,63,31) (0,0,0))
((32,32,0) (63,47,15) (0,0,0))
((32,48,0) (63,63,15) (0,0,0))
((32,32,16) (63,47,31) (0,0,0))
((32,48,16) (63,63,31) (0,0,0))
((0,0,32) (31,15,47) (0,0,0))
((0,16,32) (31,31,47) (0,0,0))
((0,0,48) (31,15,63) (0,0,0))
((0,16,48) (31,31,63) (0,0,0))
((32,0,32) (63,15,47) (0,0,0))
((32,16,32) (63,31,47) (0,0,0))
((32,0,48) (63,15,63) (0,0,0))
((32,16,48) (63,31,63) (0,0,0))
((0,32,32) (31,47,47) (0,0,0))
((0,48,32) (31,63,47) (0,0,0))
((0,32,48) (31,47,63) (0,0,0))
((0,48,48) (31,63,63) (0,0,0))
((32,32,32) (63,47,47) (0,0,0))
((32,48,32) (63,63,47) (0,0,0))
((32,32,48) (63,47,63) (0,0,0))
((32,48,48) (63,63,63) (0,0,0))
((64,0,0) (95,15,15) (0,0,0))
((64,16,0) (95,31,15) (0,0,0))
((64,0,16) (95,15,31) (0,0,0))
((64,16,16) (95,31,31) (0,0,0))
((64,32,0) (95,47,15) (0,0,0))
((64,48,0) (95,63,15) (0,0,0))
((64,32,16) (95,47,31) (0,0,0))
((64,48,16) (95,63,31) (0,0,0))
((64,0,32) (95,15,47) (0,0,0))
((64,16,32) (95,31,47) (0,0,0))
((64,0,48) (95,15,63) (0,0,0))
((64,16,48) (95,31,63) (0,0,0))
((64,32,32) (95,47,47) (0,0,0))
((64,48,32) (95,63,47) (0,0,0))
((64,32,48) (95,47,63) (0,0,0))
((64,48,48) (95,63,63) (0,0,0))
((0,64,0) (31,79,15) (0,0,0))
((0,80,0) (31,95,15) (0,0,0))
((0,64,16) (31,79,31) (0,0,0))
((0,80,16) (31,95,31) (0,0,0))
((32,64,0) (63,79,15) (0,0,0))
((32,80,0) (63,95,15) (0,0,0))
((32,64,16) (63,79,31) (0,0,0))
((32,80,16) (63,95,31) (0,0,0))
((0,64,32) (31,79,47) (0,0,0))
((0,80,32) (31,95,47) (0,0,0))
((0,64,48) (31,79,63) (0,0,0))
((0,80,48) (31,95,63) (0,0,0))
((32,64,32) (63,79,47) (0,0,0))
((32,80,32) (63,95,47) (0,0,0))
((32,64,48) (63,79,63) (0,0,0))
((32,80,48) (63,95,63) (0,0,0))
((64,64,0) (95,79,15) (0,0,0))
((64,80,0) (95,95,15) (0,0,0))
((64,64,16) (95,79,31) (0,0,0))
((64,80,16) (95,95,31) (0,0,0))
((64,64,32) (95,79,47) (0,0,0))
((64,80,32) (95,95,47) (0,0,0))
((64,64,48) (95,79,63) (0,0,0))
((64,80,48) (95,95,63) (0,0,0))
((0,0,64) (31,15,79) (0,0,0))
((0,16,64) (31,31,79) (0,0,0))
((0,0,80) (31,15,95) (0,0,0))
((0,16,80) (31,31,95) (0,0,0))
((32,0,64) (63,15,79) (0,0,0))
((32,16,64) (63,31,79) (0,0,0))
((32,0,80) (63,15,95) (0,0,0))
((32,16,80) (63,31,95) (0,0,0))
((0,32,64) (31,47,79) (0,0,0))
((0,48,64) (31,63,79) (0,0,0))
((0,32,80) (31,47,95) (0,0,0))
((0,48,80) (31,63,95) (0,0,0))
((32,32,64) (63,47,79) (0,0,0))
((32,48,64) (63,63,79) (0,0,0))
((32,32,80) (63,47,95) (0,0,0))
((32,48,80) (63,63,95) (0,0,0))
((64,0,64) (95,15,79) (0,0,0))
((64,16,64) (95,31,79) (0,0,0))
((64,0,80) (95,15,95) (0,0,0))
((64,16,80) (95,31,95) (0,0,0))
((64,32,64) (95,47,79) (0,0,0))
((64,48,64) (95,63,79) (0,0,0))
((64,32,80) (95,47,95) (0,0,0))
((64,48,80) (95,63,95) (0,0,0))
((0,64,64) (31,79,79) (0,0,0))
((0,80,64) (31,95,79) (0,0,0))
((0,64,80) (31,79,95) (0,0,0))
((0,80,80) (31,95,95) (0,0,0))
((32,64,64) (63,79,79) (0,0,0))
((32,80,64) (63,95,79) (0,0,0))
((32,64,80) (63,79,95) (0,0,0))
((32,80,80) (63,95,95) (0,0,0))
((64,64,64) (95,79,79) (0,0,0))
((64,80,64) (95,95,79) (0,0,0))
((64,64,80) (95,79,95) (0,0,0))
((64,80,80) (95,95,95) (0,0,0))
)
108
FabOnDisk: Cell_D_00000 0
FabOnDisk: Cell_D_00001 0
FabOnDisk: Cell_D_00002 0
FabOnDisk: Cell_D_00003 0
FabOnDisk: Cell_D_00004 0
FabOnDisk: Cell_D_00005 0
FabOnDisk: Cell_D_00006 0
FabOnDisk: Cell_D_00007 0
FabOnDisk: Cell_D_00008 0
FabOnDisk: Cell_D_00009 0
FabOnDisk: Cell_D_00010 0
FabOnDisk: Cell_D_00011 0
FabOnDisk: Cell_D_00012 0
FabOnDisk: Cell_D_00013 0
FabOnDisk: Cell_D_00014 0
FabOnDisk: Cell_D_00015 0
FabOnDisk: Cell_D_00016 0
FabOnDisk: Cell_D_00017 0
FabOnDisk: Cell_D_00018 0
FabOnDisk: Cell_D_00019 0
FabOnDisk: Cell_D_00020 0
FabOnDisk: Cell_D_00021 0
FabOnDisk: Cell_D_00022 0
FabOnDisk: Cell_D_00023 0
FabOnDisk: Cell_D_00024 0
FabOnDisk: Cell_D_00025 0
FabOnDisk: Cell_D_00026 0
FabOnDisk: Cell_D_00027 0
FabOnDisk: Cell_D_00028 0
FabOnDisk: Cell_D_00029 0
FabOnDisk: Cell_D_00030 0
FabOnDisk: Cell_D_00031 0
FabOnDisk: Cell_D_00032 0
FabOnDisk: Cell_D_00033 0
FabOnDisk: Cell_D_00034 0
FabOnDisk: Cell_D_00035 0
FabOnDisk: Cell_D_00036 0
FabOnDisk: Cell_D_00037 0
FabOnDisk: Cell_D_00038 0
FabOnDisk: Cell_D_00039 0
FabOnDisk: Cell_D_00040 0
FabOnDisk: Cell_D_00041 0
FabOnDisk: Cell_D_00042 0
FabOnDisk: Cell_D_00043 0
FabOnDisk: Cell_D_00044 0
FabOnDisk: Cell_D_00045 0
FabOnDisk: Cell_D_00046 0
FabOnDisk: Cell_D_00047 0
FabOnDisk: Cell_D_00048 0
FabOnDisk: Cell_D_00049 0
FabOnDisk: Cell_D_00050 0
FabOnDisk: Cell_D_00051 0
FabOnDisk: Cell_D_00052 0
FabOnDisk: Cell_D_00053 0
FabOnDisk: Cell_D_00054 0
FabOnDisk: Cell_D_00055 0
FabOnDisk: Cell_D_00056 0
FabOnDisk: Cell_D_00057 0
FabOnDisk: Cell_D_00058 0
FabOnDisk: Cell_D_00059 0
FabOnDisk: Cell_D_00060 0
FabOnDisk: Cell_D_00061 0
FabOnDisk: Cell_D_00062 0
FabOnDisk: Cell_D_00063 0
FabOnDisk: Cell_D_00064 0
FabOnDisk: Cell_D_00065 0
FabOnDisk: Cell_D_00066 0
FabOnDisk: Cell_D_00067 0
FabOnDisk: Cell_D_00068 0
FabOnDisk: Cell_D_00069 0
FabOnDisk: Cell_D_00070 0
FabOnDisk: Cell_D_00071 0
FabOnDisk: Cell_D_00072 0
FabOnDisk: Cell_D_00073 0
FabOnDisk: Cell_D_00074 0
FabOnDisk: Cell_D_00075 0
FabOnDisk: Cell_D_00076 0
FabOnDisk: Cell_D_00077 0
FabOnDisk: Cell_D_00078 0
FabOnDisk: Cell_D_00079 0
FabOnDisk: Cell_D_00080 0
FabOnDisk: Cell_D_00081 0
FabOnDisk: Cell_D_00082 0
FabOnDisk: Cell_D_00083 0
FabOnDisk: Cell_D_00084 0
FabOnDisk: Cell_D_00085 0
FabOnDisk: Cell_D_00086 0
FabOnDisk: Cell_D_00087 0
FabOnDisk: Cell_D_00088 0
FabOnDisk: Cell_D_00089 0
FabOnDisk: Cell_D_00090 0
FabOnDisk: Cell_D_00091 0
FabOnDisk: Cell_D_00092 0
FabOnDisk: Cell_D_00093 0
FabOnDisk: Cell_D_00094 0
FabOnDisk: Cell_D_00095 0
FabOnDisk: Cell_D_00096 0
FabOnDisk: Cell_D_00097 0
FabOnDisk: Cell_D_00098 0
FabOnDisk: Cell_D_00099 0
FabOnDisk: Cell_D_00100 0
FabOnDisk: Cell_D_00101 0
FabOnDisk: Cell_D_00102 0
FabOnDisk: Cell_D_00103 0
FabOnDisk: Cell_D_00104 0
FabOnDisk: Cell_D_00105 0
FabOnDisk: Cell_D_00106 0
FabOnDisk: Cell_D_00107 0

108,5
-8.72387892112253093e-38,2.32999999999995544e-01,2.97999999999999261e+02,-2.15024537379433412e-05,-1.47610572460983407e-09,
-3.18353387236901370e-22,2.32999999941273045e-01,2.97999999974399373e+02,-2.15024537393303983e-05,-3.56008504302111548e-02,
-5.79647138005451064e-40,2.32999999999986440e-01,2.97999999999999318e+02,-2.15024537373845773e-05,-1.36034106749193016e-09,
-2.69656765580635327e-40,2.32999910176800135e-01,2.97999942762480714e+02,-2.15024537395736255e-05,-1.01383791326724022e+02,
-4.93491226284394415e-28,2.32999999999996016e-01,2.97999999999999261e+02,-2.15024537370164466e-05,-1.32031644068887096e-09,
-3.11835205530459059e-11,2.32951315261401115e-01,2.97999891956743340e+02,-2.15024537393632666e-05,-5.04038042565625631e+02,
-2.02541045605243207e-39,2.32999999998416585e-01,2.97999999999251600e+02,-2.15024537387584816e-05,-2.09433287481928113e-09,
9.48005077299662712e-32,2.17216475732468134e-01,2.97999885518841779e+02,-2.15024537390871677e-05,-5.27834975208278479e+02,
-3.07980959221554792e-11,2.32949639166838224e-01,2.97999891735548147e+02,-2.15024537413419559e-05,-5.32790636805778945e+02,
-3.07819961482008948e-11,2.32949491244328927e-01,2.97999890231643974e+02,-2.15024537385021085e-05,-5.32675110242782466e+02,
-1.19237396550478716e-39,2.16109623984885507e-01,2.97999885427738946e+02,-2.15024537405070931e-05,-5.27571462055371171e+02,
-1.17613378283750363e-39,2.16031736383186845e-01,2.97999883204288324e+02,-2.15024537390542994e-05,-5.27021747915118340e+02,
-7.57568620260100363e-08,1.80917401653307580e-02,2.97885571862877271e+02,-2.15024537324214182e-05,-5.35116530185396755e+02,
-8.40327850663176073e-08,1.81189694004209138e-02,2.97886138160001451e+02,-2.15024537315668331e-05,-6.22999421464131274e+02,
-3.36469614058357576e-06,1.64934320154009918e-02,2.97999984730544213e+02,-2.14922664990152421e-05,-2.49016217928016061e+02,
-3.32294115273340578e-06,1.65384773872666313e-02,2.97999985184897923e+02,-2.14920068260697051e-05,-2.52049822832590792e+02,
-2.12138575600104523e-36,2.32999999991829077e-01,2.97999999799140198e+02,-2.15024537400074893e-05,-2.09821616980773502e-09,
-1.39139715758679570e-36,2.32662629398716542e-01,2.97999989132537223e+02,-2.15024537397313939e-05,-2.87612864408666536e-09,
1.81309252717613166e-40,2.32999999503079341e-01,2.97999999775619074e+02,-2.15024537395867714e-05,-2.67676934534550748e-09,
1.59240310492015356e-39,2.26571108057738030e-01,2.97999999741239776e+02,-2.15024537398168527e-05,-2.72439333390913324e-09,
-3.08858597788683813e-36,2.32999999666613333e-01,2.97999999787018226e+02,-2.15024537396064938e-05,-2.76215900165030845e-09,
1.19227427658313919e-22,1.79860506647174068e-01,2.97999997738686147e+02,-2.15024525361359362e-05,-1.06814408354406503e-07,
1.04131136950960688e-34,2.32999981032757653e-01,2.97999999792199390e+02,-2.15024537389162534e-05,-3.24117037818850912e-09,
5.21486880454013180e-17,1.66803042435133886e-01,2.97999999770937848e+02,-2.15018659493769593e-05,-2.05213307630280013e-09,
-1.93425533154436918e-36,1.77342492670182733e-01,2.97999997601507403e+02,-2.15024537393369713e-05,-4.20431670923936971e-08,
-1.86785250367671612e-36,1.77156269510647085e-01,2.97999997909599188e+02,-2.15024537409146616e-05,-2.20594272229258299e-08,
-1.37797441946662959e-08,1.58853722322438773e-01,2.97999999733539141e+02,-2.15024537387321897e-05,-2.70706803390232458e-09,
-9.92994681190146919e-08,1.58345720025642678e-01,2.97999999728635032e+02,-2.15024537384495179e-05,-2.35820889219479563e-09,
-9.98872233033491945e-06,3.13196705249365673e-02,2.98129845692936613e+02,-1.96669388450359319e-05,5.07688563088194364e-03,
-9.98318685266132832e-06,3.17468715869278079e-02,2.98165149890236933e+02,-1.92866279526206082e-05,7.73673868114211228e-03,
-1.57323573714292068e-05,5.33226950015225909e-02,3.40156484383395423e+02,6.75487563351084863e-04,3.07438838806889869e+01,
-1.61166533984294101e-05,5.36171261422931297e-02,3.58300562271162391e+02,1.00324261358865786e-03,5.37836830691987871e+01,
-9.16891600581544230e-38,2.32999999999995377e-01,2.97999999999999261e+02,-2.15024537357674423e-05,-1.62391903021761171e-09,
-3.17949411417031459e-22,2.32999999941272934e-01,2.97999999974397383e+02,-2.15024537391200394e-05,-3.56008063282720055e-02,
-5.80165997635024994e-40,2.32999999999995294e-01,2.97999999999999261e+02,-2.15024537376803917e-05,-1.45509709203782596e-09,
-7.78184695620980982e-41,2.32999910155761825e-01,2.97999942762283013e+02,-2.15024537394092808e-05,-1.01383951002085908e+02,
-3.07960391228193257e-11,2.32949639617887061e-01,2.97999891732310232e+02,-2.15024537383640591e-05,-5.32788156151139901e+02,
-3.07951019400255826e-11,2.32949492761365368e-01,2.97999890229754158e+02,-2.15024537390674488e-05,-5.32672744457543104e+02,
-1.49368353841909391e-39,2.16102749639540681e-01,2.97999885423549415e+02,-2.15024537387519087e-05,-5.27574356627904535e+02,
-1.47946321648946645e-39,2.16024661193188056e-01,2.97999883202517481e+02,-2.15024537394224301e-05,-5.27027532134956346e+02,
-2.16000966013269774e-36,2.32999999991826440e-01,2.97999999799094667e+02,-2.15024537387058945e-05,-2.33970210037606851e-09,
-1.42946335669610652e-36,2.32662826450074189e-01,2.97999989133337294e+02,-2.15024537395013126e-05,-2.81641615623847137e-09,
1.61098884349375061e-40,2.32999999503110261e-01,2.97999999776468087e+02,-2.15024537396130667e-05,-2.52916776743074812e-09,
1.88714865339914562e-39,2.26574624243541495e-01,2.97999999741245347e+02,-2.15024537404216342e-05,-2.74941218775386172e-09,
-1.97758113348640613e-36,1.77352906411996691e-01,2.97999997601000814e+02,-2.15024537398497210e-05,-4.15954268129531322e-08,
-1.84477414166609573e-36,1.77166209778641531e-01,2.97999997915732138e+02,-2.15024537396788033e-05,-2.23585704672950874e-08,
-1.24174424354376020e-08,1.58859471797957064e-01,2.97999999730153377e+02,-2.15024537383048955e-05,-2.30626258343689095e-09,
-9.79642915663676799e-08,1.58351242613365500e-01,2.97999999727111060e+02,-2.15024537380879636e-05,-2.22971132539229470e-09,
-3.09537450481324607e-22,2.32999999943942965e-01,2.97999999973228000e+02,-2.15024537388636628e-05,-3.83552280564624024e-02,
-5.78459107228659252e-38,2.32999999999995239e-01,2.97999999999999204e+02,-2.15024537384889592e-05,-1.44314431403531543e-09,
-2.48399368623923943e-40,2.32999893127206759e-01,2.97999948248740907e+02,-2.15024537417561008e-05,-1.11217986811140690e+02,
-3.80289947796255444e-41,2.32999999999995239e-01,2.97999999999999261e+02,-2.15024537383772084e-05,-1.94449646147629116e-09,
-3.02303900436075151e-11,2.32946061629481976e-01,2.97999890260956363e+02,-2.15024537392252171e-05,-5.58118957112161979e+02,
-4.61843999059895401e-28,2.32999999999996210e-01,2.97999999999999147e+02,-2.15024537368981195e-05,-1.61242883648686404e-09,
1.01445108352932363e-31,2.14786969799540317e-01,2.97999882778993253e+02,-2.15024537367732194e-05,-5.26927831747895084e+02,
-8.54870680861885740e-40,2.32999999998192764e-01,2.97999999941921317e+02,-2.15024537397116715e-05,-2.38489314274080873e-09,
-1.39568768114236924e-36,2.32437590202168254e-01,2.97999990090547044e+02,-2.15024537394684443e-05,-1.24860417275540263e-05,
-9.29844375607899175e-37,2.32999999994048856e-01,2.97999999810274574e+02,-2.15024537413682511e-05,-2.21824246482891930e-09,
2.07987906427394849e-39,2.19616905078816982e-01,2.97999999741116653e+02,-2.15024537399877704e-05,-2.49691745391201351e-09,
1.85727700226656747e-40,2.32999999256515100e-01,2.97999999776899017e+02,-2.15024537408620744e-05,-2.80239345543317346e-09,
1.37379547992079525e-22,1.75201137157234704e-01,2.97999998026723006e+02,-2.15024524342038423e-05,-1.68675920018083873e-05,
-1.21220410538034490e-36,2.32999999616798348e-01,2.97999999763284109e+02,-2.15024537401323894e-05,-2.75575556738860851e-09,
-1.56726096028015324e-06,1.52072340404621559e-01,2.97999999891766095e+02,-2.15017799616545915e-05,6.36819535952636265e-07,
9.42129154862755869e-35,2.32999953152427441e-01,2.97999999726982139e+02,-2.15024537387453357e-05,-1.98747628314829472e-09,
-3.12203415395933606e-22,2.32999999943944130e-01,2.97999999973227034e+02,-2.15024537381734224e-05,-3.83550421266026856e-02,
-5.80330031061923568e-38,2.32999999999996071e-01,2.97999999999999147e+02,-2.15024537387847769e-05,-1.56780848054058056e-09,
-6.64425204650194218e-41,2.32999893103589040e-01,2.97999948249211172e+02,-2.15024537401652577e-05,-1.11216599250326340e+02,
-3.66225178243824619e-41,2.32999999999991270e-01,2.97999999999999261e+02,-2.15024537394092808e-05,-2.04862135424892894e-09,
-1.36880109829527631e-36,2.32437753931212437e-01,2.97999990094231123e+02,-2.15024537401258164e-05,-1.24891031634452481e-05,
-8.90215489833957665e-37,2.32999999994047829e-01,2.97999999810276904e+02,-2.15024537396985256e-05,-2.24072142115903370e-09,
2.29873162983383945e-39,2.19619390201282683e-01,2.97999999741433669e+02,-2.15024537389754169e-05,-2.80394848511185694e-09,
2.52991884585964902e-40,2.32999999256519569e-01,2.97999999776901859e+02,-2.15024537407766156e-05,-2.77475876648387126e-09,
-3.78464408267664018e-22,2.32999964910124979e-01,2.97999999780202018e+02,-2.15024537380485223e-05,-2.08928716369559343e-07,
-5.96016237002472062e-25,2.20527802368656101e-01,2.97999999767108591e+02,-2.15024537377855728e-05,-1.73765636855212115e-08,
-1.06540663849341217e-11,2.13938347467746037e-01,2.98000000000000000e+02,-2.15024537152442880e-05,-2.39413613453960535e-09,
-1.38381286641399786e-11,2.13238283179864624e-01,2.98000000007746280e+02,-2.15024103351639340e-05,-2.24603757436048091e-09,
4.14914972281642645e-27,2.32993454040387377e-01,2.97999999738083886e+02,-2.15024535530772010e-05,-2.62172725521039192e-05,
2.69964993534551326e-12,1.66564602404014189e-01,2.98000002135220882e+02,-2.14764955770402634e-05,7.76215575700008714e-07,
-1.36822504125552721e-11,2.06545967748008763e-01,2.98000706668118028e+02,-2.14666992044349284e-05,-1.33710828276128117e-05,
-1.32398997536085411e-11,1.81453800434865864e-01,2.98001106412109039e+02,-2.14227835043752191e-05,1.10150611117840601e-05,
-1.47848556721105241e-06,1.54449379915813284e-01,2.97999999767234840e+02,-2.15024536180649942e-05,-5.01118878796021029e-04,
-1.79810964008029408e-06,1.53096083704677477e-01,2.97999999736882614e+02,-2.15024536415331702e-05,-9.28081539736007495e-04,
-4.78514140230262884e-11,1.61286061028628219e-01,2.98000028194424885e+02,-2.15004800122857899e-05,-2.00752118593553153e+00,
-4.92837009610588121e-08,1.58250311093306312e-01,2.98000000486030444e+02,-2.15020591172444539e-05,-3.19314313506164815e+00,
-1.66296876747956978e-05,7.89011407313896379e-02,4.72650306987155261e+02,3.25188641583186227e-03,9.26971435855698473e+01,
-1.70392176836395202e-05,7.89985431000792271e-02,6.18852320521530373e+02,6.37713539331700909e-03,8.67453246453050383e+02,
-1.20746958727136710e-05,1.06065472409219583e-01,3.00043545032434224e+02,3.28543677347784624e-06,6.63267210807021584e-02,
-1.24476396941069399e-05,1.04036523880377069e-01,5.79761148363038728e+02,5.67459032497224115e-03,6.23166377557160160e+01,
-3.78489504672351106e-22,2.32999964910632101e-01,2.97999999782939085e+02,-2.15024537381602731e-05,-2.08819508861052747e-07,
-5.95925400157584320e-25,2.20529585745167511e-01,2.97999999766928624e+02,-2.15024537377329822e-05,-1.94827522079075756e-08,
-1.06546726148820966e-11,2.13938240084934062e-01,2.98000000000000000e+02,-2.15024537131669939e-05,-2.90588762448214963e-09,
-1.38385785470144250e-11,2.13238154246514044e-01,2.98000000007745314e+02,-2.15024103344473983e-05,-2.26684008841087622e-09,
-1.47690640950796783e-06,1.54453283227421884e-01,2.97999999768962994e+02,-2.15024536170394914e-05,-5.00834930055997084e-04,
-1.79685836623239753e-06,1.53098535447859341e-01,2.97999999734906510e+02,-2.15024536412570747e-05,-9.27770879175320831e-04,
-4.78515235467506056e-11,1.61283851944133083e-01,2.98000028195138782e+02,-2.15004799899219957e-05,-2.00757105635468402e+00,
-4.96845266868315072e-08,1.58246961300541111e-01,2.98000000483637621e+02,-2.15020591072326803e-05,-3.18891773135603351e+00,
-3.61073935539794773e-22,1.97855047184354954e-01,2.97999999759340483e+02,-2.15024537379038999e-05,-2.42130348423234705e-09,
-5.46449697630728755e-23,2.32999981328972955e-01,2.97999999770009765e+02,-2.15024537384626672e-05,-2.73969511732692132e-09,
-3.18765939257636249e-11,1.88524610688064809e-01,2.97999999894332689e+02,-2.15024500064108936e-05,-3.69830093395638188e-02,
-3.83633002591903200e-11,1.92562349612231121e-01,2.97999999814665102e+02,-2.15024537396985256e-05,-2.16492653341761947e-09,
-5.04080565748346921e-06,1.38090302456511937e-01,2.98000006131627401e+02,-2.14698117759297244e-05,5.36189755747380672e-03,
1.38806397306985101e-27,2.32780883947264261e-01,2.97999999766612063e+02,-2.15024534855848230e-05,-1.23837153563981055e-03,
-3.89557183562139864e-06,1.38752115061736375e-01,2.98007440576159127e+02,-2.12408909670174456e-05,-7.02186504120879823e-02,
-2.03023175227171589e-11,2.12643025694261911e-01,2.97999999800347041e+02,-2.15023051965597208e-05,-5.43628506274899323e-02,
-3.61063251068093456e-22,1.97852928518163301e-01,2.97999999759777268e+02,-2.15024537376475234e-05,-1.94687698181903633e-09,
-5.46462957694271714e-23,2.32999981327971700e-01,2.97999999770110719e+02,-2.15024537398234257e-05,-2.88491191354954962e-09,
-3.18762265079765028e-11,1.88524774328864886e-01,2.97999999893965423e+02,-2.15024500070616928e-05,-3.69674786849039649e-02,
-3.83624277283395241e-11,1.92562448752981619e-01,2.97999999814361104e+02,-2.15024537385875673e-05,-2.47621740638177407e-09,

108,5
1.41785585699578692e-34,2.33000000000030516e-01,2.98000000000000625e+02,-2.15024537296604567e-05,2.41697230292451493e-09,
5.03870725748231126e-16,2.33000000000046475e-01,2.98000000000004150e+02,-2.15015288218966048e-05,2.63434577810663106e-09,
5.65989380103896891e-25,2.33000000000042062e-01,2.98000000000006992e+02,-2.15024536341706040e-05,3.38257991368016824e-09,
1.63321921698290722e-09,2.33000007669304982e-01,2.98002556759337097e+02,-2.12494612815895816e-05,7.06923125777393722e+01,
1.97684085397500942e-26,2.33000000000026908e-01,2.98000000000000568e+02,-2.15024537297722075e-05,1.82769010018765270e-09,
7.15803111453385026e-07,2.33000019066969322e-01,2.98660343163788468e+02,-7.00902733503552021e-06,1.94038237507212079e+03,
2.24544885011377520e-18,2.33000000000051721e-01,2.98000000000012733e+02,-2.15024238753235721e-05,3.32032770722205721e-09,
1.40421813272096632e-05,2.33000018421464949e-01,4.98322957920808733e+02,3.74621077793968341e-03,2.09366160234376639e+03,
7.42140232658329142e-07,2.33000019276562331e-01,2.98680473251551007e+02,-6.56337947011600114e-06,1.96354000151172522e+03,
7.44055463444237665e-07,2.33000019215312992e-01,2.98682078872853594e+02,-6.52488676675957642e-06,1.97745893884132647e+03,
1.39364109819377485e-05,2.33000018675331350e-01,5.11172375998866812e+02,4.00843207519026648e-03,2.32713466140302171e+03,
1.39211798888953017e-05,2.33000018651978724e-01,5.12060863242592632e+02,4.02687515978260909e-03,2.34572639353198338e+03,
5.49999999999838743e-02,2.33009372936265724e-01,2.06664381113552554e+03,5.52723841466878293e-02,1.94886941415558529e+09,
5.49999999999835482e-02,2.33009329899599410e-01,2.06653605051146951e+03,5.52578806966580252e-02,1.91608313165094304e+09,
1.54801863083775839e-05,2.33000001117481204e-01,2.11338839014756877e+03,5.34392361381178585e-02,7.00365651331316531e+07,
1.53808621621343777e-05,2.33000000959975667e-01,2.11279237883167070e+03,5.34394110757496973e-02,6.86464362732996047e+07,
6.85068531250980127e-19,2.33000000000087804e-01,2.98000000100589375e+02,-2.15023430970504229e-05,2.98706412370738294e-09,
7.32197592366118244e-07,2.33000000410859859e-01,3.03730359740242875e+02,6.05200946186444590e-05,1.71879788038985026e+00,
8.00285034075936118e-14,2.33000000001102797e-01,2.98000000192065784e+02,-2.14934245341840172e-05,5.01915962716451940e-08,
3.14492037167141977e-06,2.33000000002065000e-01,3.85825787081095598e+02,1.50815304880228484e-03,4.67219475566568434e+01,
7.87538922629997748e-14,2.33000000000861379e-01,2.98000000217032891e+02,-2.14963660282436022e-05,3.58603106928846780e-09,
1.41692794149186988e-05,2.32999999999966706e-01,8.82983944009601828e+02,1.25737134693655189e-02,2.42188901043699225e+04,
5.24924728196363860e-10,2.33000000001719443e-01,2.98000284631527734e+02,-2.13696072804245300e-05,4.87456664434484228e-05,
8.14420094987809432e-06,2.32999999967902965e-01,9.99157071543402935e+02,1.56564000041240214e-02,2.84775180212759515e+04,
1.40042656366411999e-05,2.33000000004093488e-01,9.06687025057077335e+02,1.31688179809652719e-02,2.67084210203779876e+04,
1.39851499082237932e-05,2.33000000007822727e-01,9.08409433516954891e+02,1.32128442107956913e-02,2.68934200362980264e+04,
7.88389091755766616e-06,2.33000000001415769e-01,1.06978431599974215e+03,1.75343654718002860e-02,3.03301491929377953e+04,
7.88470990946365009e-06,2.33000000001137408e-01,1.07420080380733270e+03,1.76543900347366396e-02,3.03887981210081780e+04,
1.22514063335487987e-05,2.32995284823722865e-01,2.04085441430341734e+03,4.78206067615768587e-02,9.48592536434619687e+05,
1.19340572900763622e-05,2.32993899239092778e-01,2.03821842560775303e+03,4.77151595694446165e-02,9.14401811624492286e+05,
5.09685590304916103e-06,2.30083164601591728e-01,1.89221537119800951e+03,4.24628697642696201e-02,1.39224871382485318e+05,
5.01160852883117567e-06,2.28704368258514618e-01,1.89026629787647880e+03,4.23928501267567814e-02,1.28269551905907021e+05,
1.41776790975544907e-34,2.33000000000021329e-01,2.98000000000000739e+02,-2.15024537296210121e-05,1.68444958532802160e-09,
5.04141110927906752e-16,2.33000000000052304e-01,2.98000000000005173e+02,-2.15015287292137346e-05,2.74644392735243289e-09,
5.65979000802738610e-25,2.33000000000038510e-01,2.98000000000007276e+02,-2.15024536338156260e-05,2.23834300335343412e-09,
1.63351211070882634e-09,2.33000007669128151e-01,2.98002557522463917e+02,-2.12494473894992938e-05,7.06922115907090500e+01,
7.41460981512399805e-07,2.33000019277883136e-01,2.98680432702631890e+02,-6.56443589262650407e-06,1.96354208830914035e+03,
7.43236528114060486e-07,2.33000019218057963e-01,2.98682031105615010e+02,-6.52636612804074466e-06,1.97746005842042337e+03,
1.39381502623131574e-05,2.33000018677235354e-01,5.11251861209912363e+02,4.01006376576999377e-03,2.32911189243292029e+03,
1.39236798440701321e-05,2.33000018655457775e-01,5.12142568378735064e+02,4.02855528392424920e-03,2.34783961703684372e+03,
6.84920997501473909e-19,2.33000000000089469e-01,2.98000000100597390e+02,-2.15023431079102086e-05,3.18886870573014891e-09,
7.31954087872681888e-07,2.33000000410807345e-01,3.03727324493271794e+02,6.04728884234676935e-05,1.71729516763780587e+00,
8.00166560937139544e-14,2.33000000000918167e-01,2.98000000194545805e+02,-2.14934251319783499e-05,5.10374542952478936e-08,
3.14507766202411189e-06,2.33000000002066554e-01,3.85782559282724947e+02,1.50731997700720216e-03,4.66645718889711176e+01,
1.40055660826990103e-05,2.33000000006948926e-01,9.06596213879773700e+02,1.31663512774584223e-02,2.66892332114822566e+04,
1.39870748294325640e-05,2.33000000007824670e-01,9.08322880767150423e+02,1.32104894304209235e-02,2.68748704181544526e+04,
7.88378196201496137e-06,2.33000000001416796e-01,1.06973056865209514e+03,1.75330069979222555e-02,3.03135766098512941e+04,
7.88455085750533287e-06,2.33000000001140323e-01,1.07414927345493948e+03,1.76530852437384971e-02,3.03731762286226585e+04,
5.26941874938995510e-16,2.33000000000048280e-01,2.98000000000007049e+02,-2.15015073699762697e-05,2.57576519772660804e-09,
1.51145590987012085e-34,2.33000000000032820e-01,2.98000000000000625e+02,-2.15024537295881438e-05,1.97809311676259746e-09,
1.97628027143094335e-09,2.33000006752244970e-01,2.98003143094068662e+02,-2.12300931720961726e-05,7.14165551203220161e+01,
6.40714928661938187e-25,2.33000000000040897e-01,2.98000000000008129e+02,-2.15024536262558468e-05,2.76751859667765300e-09,
7.79571752020853674e-07,2.33000019371077088e-01,2.98707692809637251e+02,-5.64909206850974895e-06,1.99885213853721848e+03,
2.10952142458737648e-26,2.33000000000026103e-01,2.98000000000000568e+02,-2.15024537298182251e-05,2.76969489519914349e-09,
1.38075534724184804e-05,2.33000018688068078e-01,5.26352898567670195e+02,4.32176698069035043e-03,2.56565072488288661e+03,
2.58517530962513523e-18,2.33000000000067514e-01,2.98000000000010175e+02,-2.15024213869998127e-05,3.34093007235493984e-09,
1.00708626943231833e-06,2.33000000152243258e-01,3.07109725423528801e+02,1.14362073131968662e-04,3.27071676171019377e+00,
8.87590799331696824e-19,2.33000000000059077e-01,2.98000000199288138e+02,-2.15023299663217611e-05,7.56516904888141229e-09,
3.51509789491498554e-06,2.33000000001396035e-01,4.69019392423085378e+02,3.15654207809342498e-03,1.85752123505846896e+02,
1.43720380642205604e-13,2.33000000000400886e-01,2.98000000215349019e+02,-2.14916593329248878e-05,1.96425845490966894e-03,
1.38092065409608406e-05,2.33000000002799607e-01,9.26367820561715462e+02,1.36749406689215796e-02,2.75814874980689747e+04,
1.05049677378032413e-13,2.33000000002839547e-01,2.98000000270318992e+02,-2.14955212598662475e-05,1.20848986481427259e-04,
7.79010654576700071e-06,2.32999999961756993e-01,1.12840958109580993e+03,1.91355790584029628e-02,2.93155626089159559e+04,
1.32544493618222296e-09,2.33000000000064295e-01,2.98000852463518243e+02,-2.13363745546776791e-05,2.35675013136626907e-02,
5.27012934928313964e-16,2.33000000000042395e-01,2.98000000000006310e+02,-2.15015073885010124e-05,3.03399627177066054e-09,
1.51156375759792453e-34,2.33000000000034069e-01,2.98000000000000455e+02,-2.15024537297853568e-05,1.92807856291636631e-09,
1.97682998489532642e-09,2.33000006752097866e-01,2.98003143884945814e+02,-2.12300699072754691e-05,7.14185580649841114e+01,
6.40718521330660452e-25,2.33000000000040508e-01,2.98000000000007844e+02,-2.15024536262887151e-05,2.63462944571816311e-09,
1.00686061189061681e-06,2.33000000152075698e-01,3.07107517043090468e+02,1.14322816616031328e-04,3.26963366746045736e+00,
8.87484935018249401e-19,2.33000000000056801e-01,2.98000000199284898e+02,-2.15023299729809377e-05,7.54564138329416113e-09,
3.51514413230062726e-06,2.33000000001395285e-01,4.68990951937884859e+02,3.15595351164678177e-03,1.85673802496655242e+02,
1.43712145705956988e-13,2.33000000000419677e-01,2.98000000213830901e+02,-2.14916597586981283e-05,1.96440000604920176e-03,
2.56627526648938807e-10,2.33000000001521684e-01,2.98000879145357260e+02,-2.14506218909903133e-05,6.35726258932164702e-07,
8.49632650930024501e-06,2.33000000000772090e-01,4.56596713245901356e+02,2.94230318884833959e-03,8.28137023645952297e+01,
2.03995531063781860e-10,2.33000000000028962e-01,5.28077996417510917e+02,4.49573144809011730e-03,3.18789812368405840e+01,
1.01017212959217269e-05,2.32999999997716895e-01,5.34222521791572376e+02,4.66158963726409983e-03,3.84810501942702103e+01,
2.31220403028031081e-07,2.33000000000089247e-01,2.98119444828338658e+02,-1.93704743006563834e-05,2.92628852315458734e-04,
1.57197945486441024e-05,2.32999998612851450e-01,1.00033803894132859e+03,1.57123737681008416e-02,1.52265966553845610e+04,
2.09880794083108986e-07,2.32999973913955993e-01,6.01440520734453457e+02,6.24735544716955877e-03,3.25109952403035791e+01,
2.00391771848273155e-05,2.32999960987890831e-01,8.56716683138619146e+02,1.21958473494678862e-02,4.04436391329517483e+03,
1.21014507924123029e-05,2.33000000000259500e-01,1.10400087084032771e+03,1.85738581312629991e-02,1.71371916602046076e+04,
1.23865051758959861e-05,2.32999999999988938e-01,1.11508542541876795e+03,1.88936944632507042e-02,1.71756900397811623e+04,
2.07065401514442988e-05,2.32999998178298945e-01,1.03954571095438610e+03,1.69602573823712868e-02,5.73009095005665586e+03,
2.43080798466789666e-05,2.32999999908590411e-01,1.06571124331609440e+03,1.76779435917604304e-02,6.29600459627061355e+03,
9.36252059627792877e-06,2.19237928905684804e-01,1.70689316677550755e+03,3.64123176335215543e-02,2.83255516250205910e+04,
3.56729147544424233e-06,2.06018180674766183e-01,1.70618876416633043e+03,3.63892140593849167e-02,2.37710625873202334e+04,
1.47208016332230873e-05,2.32896890303021603e-01,1.49359069517770672e+03,3.00080718116372026e-02,7.14338289553088271e+03,
1.76418396822923110e-05,2.09054552585757197e-01,1.50876043146350071e+03,3.04883180647586016e-02,7.48888193298795250e+03,
2.56647274265769050e-10,2.33000000001465979e-01,2.98000879131896397e+02,-2.14506234789117072e-05,6.35698096530421438e-07,
8.49716510366905171e-06,2.33000000000772367e-01,4.56575221813685175e+02,2.94188147438052437e-03,8.27753344663289568e+01,
2.04013038327936747e-10,2.33000000000021218e-01,5.28079122433567477e+02,4.49575689298952093e-03,3.18791368914053450e+01,
1.01026108581395206e-05,2.32999999997713259e-01,5.34223816757367445e+02,4.66162018269939728e-03,3.84808710397296849e+01,
1.21021177197175124e-05,2.33000000000327168e-01,1.10396770621292558e+03,1.85729371500247924e-02,1.71351422640929886e+04,
1.23870680276488235e-05,2.32999999999987689e-01,1.11505817856149815e+03,1.88931164567003838e-02,1.71739036366618420e+04,
2.07066783228968463e-05,2.32999998178160944e-01,1.03956684393771866e+03,1.69607798784108393e-02,5.73101898283657556e+03,
2.43069482401130618e-05,2.32999999908608230e-01,1.06574238544849550e+03,1.76787354979617423e-02,6.29747415494346751e+03,
7.09178985680631698e-06,2.33000000000052915e-01,6.96859820836192398e+02,8.31017213034903474e-03,8.07756004960589166e+02,
1.08253724946565892e-09,2.33000000002886287e-01,2.98000486150202107e+02,-2.13747908917719807e-05,6.03031850885572124e-03,
1.76861323557176467e-05,2.32999999995658791e-01,7.74682965393226937e+02,1.05150312532705237e-02,7.06164772997702244e+02,
2.96613552711416867e-09,2.33000000000364693e-01,7.29921163283154442e+02,9.55830342391700456e-03,2.94619912846356499e+02,
1.21376587128391123e-05,2.32999997827836786e-01,1.23695302998341708e+03,2.24413090339323426e-02,1.60612841032028373e+04,
2.16777277335038073e-06,2.32999999999248503e-01,3.01045146077827553e+02,3.35336932964732016e-05,1.08005778153523566e-01,
2.83470162929185166e-05,2.32999854047164862e-01,1.22969341652747244e+03,2.22867317104918743e-02,8.62564841700313991e+03,
8.92504986409005541e-06,2.32999999918071826e-01,5.33771451930152466e+02,4.80144000694444125e-03,1.79200393533869686e+02,
7.09185555772730003e-06,2.33000000000049723e-01,6.96881472850544014e+02,8.31067355767342933e-03,8.07919922476889042e+02,
1.08268378727657148e-09,2.33000000002755475e-01,2.98000486192346216e+02,-2.13747868429852537e-05,6.02991240581540310e-03,
1.76850805611852465e-05,2.32999999995661511e-01,7.74681237217698936e+02,1.05149925025178389e-02,7.06573118567163533e+02,
2.96709249804009801e-09,2.33000000000367052e-01,7.29920130420481883e+02,9.55827994563472096e-03,2.94615441381727010e+02,
