HyperCLaw-V1.1
5
Y(CH4)
Y(O2)
temp
mixture_fraction
HeatRelease
3
0.06960761876370207
2
-0.025 -0.025 0.0
0.025 0.025 0.05
2 2 2
((0,0,0) (95,95,95) (0,0,0)) ((0,0,0) (191,191,191) (0,0,0)) ((0,0,0) (383,383,383) (0,0,0))
4735 4735 4735
0.0005208333333333333 0.0005208333333333333 0.0005208333333333333
0.00026041666666666666 0.00026041666666666666 0.00026041666666666666
0.00013020833333333333 0.00013020833333333333 0.00013020833333333333
0
0
0 108 0.06960761876370207
4735
-0.025 -0.008333333333333335
-0.025 -0.01666666666666667
0.0 0.008333333333333333
-0.025 -0.008333333333333335
-0.01666666666666667 -0.008333333333333335
0.0 0.008333333333333333
-0.025 -0.008333333333333335
-0.025 -0.01666666666666667
0.008333333333333333 0.016666666666666666
-0.025 -0.008333333333333335
-0.01666666666666667 -0.008333333333333335
0.008333333333333333 0.016666666666666666
-0.008333333333333335 0.008333333333333331
-0.025 -0.01666666666666667
0.0 0.008333333333333333
-0.008333333333333335 0.008333333333333331
-0.01666666666666667 -0.008333333333333335
0.0 0.008333333333333333
-0.008333333333333335 0.008333333333333331
-0.025 -0.01666666666666667
0.008333333333333333 0.016666666666666666
-0.008333333333333335 0.008333333333333331
-0.01666666666666667 -0.008333333333333335
0.008333333333333333 0.016666666666666666
-0.025 -0.008333333333333335
-0.008333333333333335 0.0
0.0 0.008333333333333333
-0.025 -0.008333333333333335
0.0 0.008333333333333331
0.0 0.008333333333333333
-0.025 -0.008333333333333335
-0.008333333333333335 0.0
0.008333333333333333 0.016666666666666666
-0.025 -0.008333333333333335
0.0 0.008333333333333331
0.008333333333333333 0.016666666666666666
-0.008333333333333335 0.008333333333333331
-0.008333333333333335 0.0
0.0 0.008333333333333333
-0.008333333333333335 0.008333333333333331
0.0 0.008333333333333331
0.0 0.008333333333333333
-0.008333333333333335 0.008333333333333331
-0.008333333333333335 0.0
0.008333333333333333 0.016666666666666666
-0.008333333333333335 0.008333333333333331
0.0 0.008333333333333331
0.008333333333333333 0.016666666666666666
-0.025 -0.008333333333333335
-0.025 -0.01666666666666667
0.016666666666666666 0.025
-0.025 -0.008333333333333335
-0.01666666666666667 -0.008333333333333335
0.016666666666666666 0.025
-0.025 -0.008333333333333335
-0.025 -0.01666666666666667
0.025 0.03333333333333333
-0.025 -0.008333333333333335
-0.01666666666666667 -0.008333333333333335
0.025 0.03333333333333333
-0.008333333333333335 0.008333333333333331
-0.025 -0.01666666666666667
0.016666666666666666 0.025
-0.008333333333333335 0.008333333333333331
-0.01666666666666667 -0.008333333333333335
0.016666666666666666 0.025
-0.008333333333333335 0.008333333333333331
-0.025 -0.01666666666666667
0.025 0.03333333333333333
-0.008333333333333335 0.008333333333333331
-0.01666666666666667 -0.008333333333333335
0.025 0.03333333333333333
-0.025 -0.008333333333333335
-0.008333333333333335 0.0
0.016666666666666666 0.025
-0.025 -0.008333333333333335
0.0 0.008333333333333331
0.016666666666666666 0.025
-0.025 -0.008333333333333335
-0.008333333333333335 0.0
0.025 0.03333333333333333
-0.025 -0.008333333333333335
0.0 0.008333333333333331
0.025 0.03333333333333333
-0.008333333333333335 0.008333333333333331
-0.008333333333333335 0.0
0.016666666666666666 0.025
-0.008333333333333335 0.008333333333333331
0.0 0.008333333333333331
0.016666666666666666 0.025
-0.008333333333333335 0.008333333333333331
-0.008333333333333335 0.0
0.025 0.03333333333333333
-0.008333333333333335 0.008333333333333331
0.0 0.008333333333333331
0.025 0.03333333333333333
0.008333333333333331 0.025
-0.025 -0.01666666666666667
0.0 0.008333333333333333
0.008333333333333331 0.025
-0.01666666666666667 -0.008333333333333335
0.0 0.008333333333333333
0.008333333333333331 0.025
-0.025 -0.01666666666666667
0.008333333333333333 0.016666666666666666
0.008333333333333331 0.025
-0.01666666666666667 -0.008333333333333335
0.008333333333333333 0.016666666666666666
0.008333333333333331 0.025
-0.008333333333333335 0.0
0.0 0.008333333333333333
0.008333333333333331 0.025
0.0 0.008333333333333331
0.0 0.008333333333333333
0.008333333333333331 0.025
-0.008333333333333335 0.0
0.008333333333333333 0.016666666666666666
0.008333333333333331 0.025
0.0 0.008333333333333331
0.008333333333333333 0.016666666666666666
0.008333333333333331 0.025
-0.025 -0.01666666666666667
0.016666666666666666 0.025
0.008333333333333331 0.025
-0.01666666666666667 -0.008333333333333335
0.016666666666666666 0.025
0.008333333333333331 0.025
-0.025 -0.01666666666666667
0.025 0.03333333333333333
0.008333333333333331 0.025
-0.01666666666666667 -0.008333333333333335
0.025 0.03333333333333333
0.008333333333333331 0.025
-0.008333333333333335 0.0
0.016666666666666666 0.025
0.008333333333333331 0.025
0.0 0.008333333333333331
0.016666666666666666 0.025
0.008333333333333331 0.025
-0.008333333333333335 0.0
0.025 0.03333333333333333
0.008333333333333331 0.025
0.0 0.008333333333333331
0.025 0.03333333333333333
-0.025 -0.008333333333333335
0.008333333333333331 0.016666666666666663
0.0 0.008333333333333333
-0.025 -0.008333333333333335
0.016666666666666663 0.025
0.0 0.008333333333333333
-0.025 -0.008333333333333335
0.008333333333333331 0.016666666666666663
0.008333333333333333 0.016666666666666666
-0.025 -0.008333333333333335
0.016666666666666663 0.025
0.008333333333333333 0.016666666666666666
-0.008333333333333335 0.008333333333333331
0.008333333333333331 0.016666666666666663
0.0 0.008333333333333333
-0.008333333333333335 0.008333333333333331
0.016666666666666663 0.025
0.0 0.008333333333333333
-0.008333333333333335 0.008333333333333331
0.008333333333333331 0.016666666666666663
0.008333333333333333 0.016666666666666666
-0.008333333333333335 0.008333333333333331
0.016666666666666663 0.025
0.008333333333333333 0.016666666666666666
-0.025 -0.008333333333333335
0.008333333333333331 0.016666666666666663
0.016666666666666666 0.025
-0.025 -0.008333333333333335
0.016666666666666663 0.025
0.016666666666666666 0.025
-0.025 -0.008333333333333335
0.008333333333333331 0.016666666666666663
0.025 0.03333333333333333
-0.025 -0.008333333333333335
0.016666666666666663 0.025
0.025 0.03333333333333333
-0.008333333333333335 0.008333333333333331
0.008333333333333331 0.016666666666666663
0.016666666666666666 0.025
-0.008333333333333335 0.008333333333333331
0.016666666666666663 0.025
0.016666666666666666 0.025
-0.008333333333333335 0.008333333333333331
0.008333333333333331 0.016666666666666663
0.025 0.03333333333333333
-0.008333333333333335 0.008333333333333331
0.016666666666666663 0.025
0.025 0.03333333333333333
0.008333333333333331 0.025
0.008333333333333331 0.016666666666666663
0.0 0.008333333333333333
0.008333333333333331 0.025
0.016666666666666663 0.025
0.0 0.008333333333333333
0.008333333333333331 0.025
0.008333333333333331 0.016666666666666663
0.008333333333333333 0.016666666666666666
0.008333333333333331 0.025
0.016666666666666663 0.025
0.008333333333333333 0.016666666666666666
0.008333333333333331 0.025
0.008333333333333331 0.016666666666666663
0.016666666666666666 0.025
0.008333333333333331 0.025
0.016666666666666663 0.025
0.016666666666666666 0.025
0.008333333333333331 0.025
0.008333333333333331 0.016666666666666663
0.025 0.03333333333333333
0.008333333333333331 0.025
0.016666666666666663 0.025
0.025 0.03333333333333333
-0.025 -0.008333333333333335
-0.025 -0.01666666666666667
0.03333333333333333 0.041666666666666664
-0.025 -0.008333333333333335
-0.01666666666666667 -0.008333333333333335
0.03333333333333333 0.041666666666666664
-0.025 -0.008333333333333335
-0.025 -0.01666666666666667
0.041666666666666664 0.05
-0.025 -0.008333333333333335
-0.01666666666666667 -0.008333333333333335
0.041666666666666664 0.05
-0.008333333333333335 0.008333333333333331
-0.025 -0.01666666666666667
0.03333333333333333 0.041666666666666664
-0.008333333333333335 0.008333333333333331
-0.01666666666666667 -0.008333333333333335
0.03333333333333333 0.041666666666666664
-0.008333333333333335 0.008333333333333331
-0.025 -0.01666666666666667
0.041666666666666664 0.05
-0.008333333333333335 0.008333333333333331
-0.01666666666666667 -0.008333333333333335
0.041666666666666664 0.05
-0.025 -0.008333333333333335
-0.008333333333333335 0.0
0.03333333333333333 0.041666666666666664
-0.025 -0.008333333333333335
0.0 0.008333333333333331
0.03333333333333333 0.041666666666666664
-0.025 -0.008333333333333335
-0.008333333333333335 0.0
0.041666666666666664 0.05
-0.025 -0.008333333333333335
0.0 0.008333333333333331
0.041666666666666664 0.05
-0.008333333333333335 0.008333333333333331
-0.008333333333333335 0.0
0.03333333333333333 0.041666666666666664
-0.008333333333333335 0.008333333333333331
0.0 0.008333333333333331
0.03333333333333333 0.041666666666666664
-0.008333333333333335 0.008333333333333331
-0.008333333333333335 0.0
0.041666666666666664 0.05
-0.008333333333333335 0.008333333333333331
0.0 0.008333333333333331
0.041666666666666664 0.05
0.008333333333333331 0.025
-0.025 -0.01666666666666667
0.03333333333333333 0.041666666666666664
0.008333333333333331 0.025
-0.01666666666666667 -0.008333333333333335
0.03333333333333333 0.041666666666666664
0.008333333333333331 0.025
-0.025 -0.01666666666666667
0.041666666666666664 0.05
0.008333333333333331 0.025
-0.01666666666666667 -0.008333333333333335
0.041666666666666664 0.05
0.008333333333333331 0.025
-0.008333333333333335 0.0
0.03333333333333333 0.041666666666666664
0.008333333333333331 0.025
0.0 0.008333333333333331
0.03333333333333333 0.041666666666666664
0.008333333333333331 0.025
-0.008333333333333335 0.0
0.041666666666666664 0.05
0.008333333333333331 0.025
0.0 0.008333333333333331
0.041666666666666664 0.05
-0.025 -0.008333333333333335
0.008333333333333331 0.016666666666666663
0.03333333333333333 0.041666666666666664
-0.025 -0.008333333333333335
0.016666666666666663 0.025
0.03333333333333333 0.041666666666666664
-0.025 -0.008333333333333335
0.008333333333333331 0.016666666666666663
0.041666666666666664 0.05
-0.025 -0.008333333333333335
0.016666666666666663 0.025
0.041666666666666664 0.05
-0.008333333333333335 0.008333333333333331
0.008333333333333331 0.016666666666666663
0.03333333333333333 0.041666666666666664
-0.008333333333333335 0.008333333333333331
0.016666666666666663 0.025
0.03333333333333333 0.041666666666666664
-0.008333333333333335 0.008333333333333331
0.008333333333333331 0.016666666666666663
0.041666666666666664 0.05
-0.008333333333333335 0.008333333333333331
0.016666666666666663 0.025
0.041666666666666664 0.05
0.008333333333333331 0.025
0.008333333333333331 0.016666666666666663
0.03333333333333333 0.041666666666666664
0.008333333333333331 0.025
0.016666666666666663 0.025
0.03333333333333333 0.041666666666666664
0.008333333333333331 0.025
0.008333333333333331 0.016666666666666663
0.041666666666666664 0.05
0.008333333333333331 0.025
0.016666666666666663 0.025
0.041666666666666664 0.05
Level_0/Cell
1 180 0.06960761876370207
4735
-0.006250000000000002 -0.004166666666666669
-0.006250000000000002 -0.004166666666666669
0.0 0.0020833333333333333
-0.004166666666666669 -0.0020833333333333363
-0.006250000000000002 -0.004166666666666669
0.0 0.0020833333333333333
-0.006250000000000002 -0.004166666666666669
-0.004166666666666669 -0.0020833333333333363
0.0 0.0020833333333333333
-0.004166666666666669 -0.0020833333333333363
-0.004166666666666669 -0.0020833333333333363
0.0 0.0020833333333333333
-0.006250000000000002 -0.004166666666666669
-0.006250000000000002 -0.004166666666666669
0.0020833333333333333 0.004166666666666667
-0.004166666666666669 -0.0020833333333333363
-0.006250000000000002 -0.004166666666666669
0.0020833333333333333 0.004166666666666667
-0.006250000000000002 -0.004166666666666669
-0.004166666666666669 -0.0020833333333333363
0.0020833333333333333 0.004166666666666667
-0.004166666666666669 -0.0020833333333333363
-0.004166666666666669 -0.0020833333333333363
0.0020833333333333333 0.004166666666666667
-0.0020833333333333363 0.0
-0.006250000000000002 -0.004166666666666669
0.0 0.0020833333333333333
0.0 0.002083333333333333
-0.006250000000000002 -0.004166666666666669
0.0 0.0020833333333333333
-0.0020833333333333363 0.0
-0.004166666666666669 -0.0020833333333333363
0.0 0.0020833333333333333
0.0 0.002083333333333333
-0.004166666666666669 -0.0020833333333333363
0.0 0.0020833333333333333
-0.0020833333333333363 0.0
-0.006250000000000002 -0.004166666666666669
0.0020833333333333333 0.004166666666666667
0.0 0.002083333333333333
-0.006250000000000002 -0.004166666666666669
0.0020833333333333333 0.004166666666666667
-0.0020833333333333363 0.0
-0.004166666666666669 -0.0020833333333333363
0.0020833333333333333 0.004166666666666667
0.0 0.002083333333333333
-0.004166666666666669 -0.0020833333333333363
0.0020833333333333333 0.004166666666666667
-0.006250000000000002 -0.004166666666666669
-0.0020833333333333363 0.0
0.0 0.0020833333333333333
-0.004166666666666669 -0.0020833333333333363
-0.0020833333333333363 0.0
0.0 0.0020833333333333333
-0.006250000000000002 -0.004166666666666669
0.0 0.002083333333333333
0.0 0.0020833333333333333
-0.004166666666666669 -0.0020833333333333363
0.0 0.002083333333333333
0.0 0.0020833333333333333
-0.006250000000000002 -0.004166666666666669
-0.0020833333333333363 0.0
0.0020833333333333333 0.004166666666666667
-0.004166666666666669 -0.0020833333333333363
-0.0020833333333333363 0.0
0.0020833333333333333 0.004166666666666667
-0.006250000000000002 -0.004166666666666669
0.0 0.002083333333333333
0.0020833333333333333 0.004166666666666667
-0.004166666666666669 -0.0020833333333333363
0.0 0.002083333333333333
0.0020833333333333333 0.004166666666666667
-0.0020833333333333363 0.0
-0.0020833333333333363 0.0
0.0 0.0020833333333333333
0.0 0.002083333333333333
-0.0020833333333333363 0.0
0.0 0.0020833333333333333
-0.0020833333333333363 0.0
0.0 0.002083333333333333
0.0 0.0020833333333333333
0.0 0.002083333333333333
0.0 0.002083333333333333
0.0 0.0020833333333333333
-0.0020833333333333363 0.0
-0.0020833333333333363 0.0
0.0020833333333333333 0.004166666666666667
0.0 0.002083333333333333
-0.0020833333333333363 0.0
0.0020833333333333333 0.004166666666666667
-0.0020833333333333363 0.0
0.0 0.002083333333333333
0.0020833333333333333 0.004166666666666667
0.0 0.002083333333333333
0.0 0.002083333333333333
0.0020833333333333333 0.004166666666666667
-0.006250000000000002 -0.004166666666666669
-0.006250000000000002 -0.004166666666666669
0.004166666666666667 0.00625
-0.004166666666666669 -0.0020833333333333363
-0.006250000000000002 -0.004166666666666669
0.004166666666666667 0.00625
-0.006250000000000002 -0.004166666666666669
-0.004166666666666669 -0.0020833333333333363
0.004166666666666667 0.00625
-0.004166666666666669 -0.0020833333333333363
-0.004166666666666669 -0.0020833333333333363
0.004166666666666667 0.00625
-0.0020833333333333363 0.0
-0.006250000000000002 -0.004166666666666669
0.004166666666666667 0.00625
0.0 0.002083333333333333
-0.006250000000000002 -0.004166666666666669
0.004166666666666667 0.00625
-0.0020833333333333363 0.0
-0.004166666666666669 -0.0020833333333333363
0.004166666666666667 0.00625
0.0 0.002083333333333333
-0.004166666666666669 -0.0020833333333333363
0.004166666666666667 0.00625
-0.006250000000000002 -0.004166666666666669
-0.0020833333333333363 0.0
0.004166666666666667 0.00625
-0.004166666666666669 -0.0020833333333333363
-0.0020833333333333363 0.0
0.004166666666666667 0.00625
-0.006250000000000002 -0.004166666666666669
0.0 0.002083333333333333
0.004166666666666667 0.00625
-0.004166666666666669 -0.0020833333333333363
0.0 0.002083333333333333
0.004166666666666667 0.00625
-0.0020833333333333363 0.0
-0.0020833333333333363 0.0
0.004166666666666667 0.00625
0.0 0.002083333333333333
-0.0020833333333333363 0.0
0.004166666666666667 0.00625
-0.0020833333333333363 0.0
0.0 0.002083333333333333
0.004166666666666667 0.00625
0.0 0.002083333333333333
0.0 0.002083333333333333
0.004166666666666667 0.00625
0.002083333333333333 0.004166666666666666
-0.006250000000000002 -0.004166666666666669
0.0 0.0020833333333333333
0.004166666666666666 0.006249999999999999
-0.006250000000000002 -0.004166666666666669
0.0 0.0020833333333333333
0.002083333333333333 0.004166666666666666
-0.004166666666666669 -0.0020833333333333363
0.0 0.0020833333333333333
0.004166666666666666 0.006249999999999999
-0.004166666666666669 -0.0020833333333333363
0.0 0.0020833333333333333
0.002083333333333333 0.004166666666666666
-0.006250000000000002 -0.004166666666666669
0.0020833333333333333 0.004166666666666667
0.004166666666666666 0.006249999999999999
-0.006250000000000002 -0.004166666666666669
0.0020833333333333333 0.004166666666666667
0.002083333333333333 0.004166666666666666
-0.004166666666666669 -0.0020833333333333363
0.0020833333333333333 0.004166666666666667
0.004166666666666666 0.006249999999999999
-0.004166666666666669 -0.0020833333333333363
0.0020833333333333333 0.004166666666666667
0.002083333333333333 0.004166666666666666
-0.0020833333333333363 0.0
0.0 0.0020833333333333333
0.004166666666666666 0.006249999999999999
-0.0020833333333333363 0.0
0.0 0.0020833333333333333
0.002083333333333333 0.004166666666666666
0.0 0.002083333333333333
0.0 0.0020833333333333333
0.004166666666666666 0.006249999999999999
0.0 0.002083333333333333
0.0 0.0020833333333333333
0.002083333333333333 0.004166666666666666
-0.0020833333333333363 0.0
0.0020833333333333333 0.004166666666666667
0.004166666666666666 0.006249999999999999
-0.0020833333333333363 0.0
0.0020833333333333333 0.004166666666666667
0.002083333333333333 0.004166666666666666
0.0 0.002083333333333333
0.0020833333333333333 0.004166666666666667
0.004166666666666666 0.006249999999999999
0.0 0.002083333333333333
0.0020833333333333333 0.004166666666666667
0.002083333333333333 0.004166666666666666
-0.006250000000000002 -0.004166666666666669
0.004166666666666667 0.00625
0.004166666666666666 0.006249999999999999
-0.006250000000000002 -0.004166666666666669
0.004166666666666667 0.00625
0.002083333333333333 0.004166666666666666
-0.004166666666666669 -0.0020833333333333363
0.004166666666666667 0.00625
0.004166666666666666 0.006249999999999999
-0.004166666666666669 -0.0020833333333333363
0.004166666666666667 0.00625
0.002083333333333333 0.004166666666666666
-0.0020833333333333363 0.0
0.004166666666666667 0.00625
0.004166666666666666 0.006249999999999999
-0.0020833333333333363 0.0
0.004166666666666667 0.00625
0.002083333333333333 0.004166666666666666
0.0 0.002083333333333333
0.004166666666666667 0.00625
0.004166666666666666 0.006249999999999999
0.0 0.002083333333333333
0.004166666666666667 0.00625
-0.006250000000000002 -0.004166666666666669
0.002083333333333333 0.004166666666666666
0.0 0.0020833333333333333
-0.004166666666666669 -0.0020833333333333363
0.002083333333333333 0.004166666666666666
0.0 0.0020833333333333333
-0.006250000000000002 -0.004166666666666669
0.004166666666666666 0.006249999999999999
0.0 0.0020833333333333333
-0.004166666666666669 -0.0020833333333333363
0.004166666666666666 0.006249999999999999
0.0 0.0020833333333333333
-0.006250000000000002 -0.004166666666666669
0.002083333333333333 0.004166666666666666
0.0020833333333333333 0.004166666666666667
-0.004166666666666669 -0.0020833333333333363
0.002083333333333333 0.004166666666666666
0.0020833333333333333 0.004166666666666667
-0.006250000000000002 -0.004166666666666669
0.004166666666666666 0.006249999999999999
0.0020833333333333333 0.004166666666666667
-0.004166666666666669 -0.0020833333333333363
0.004166666666666666 0.006249999999999999
0.0020833333333333333 0.004166666666666667
-0.0020833333333333363 0.0
0.002083333333333333 0.004166666666666666
0.0 0.0020833333333333333
0.0 0.002083333333333333
0.002083333333333333 0.004166666666666666
0.0 0.0020833333333333333
-0.0020833333333333363 0.0
0.004166666666666666 0.006249999999999999
0.0 0.0020833333333333333
0.0 0.002083333333333333
0.004166666666666666 0.006249999999999999
0.0 0.0020833333333333333
-0.0020833333333333363 0.0
0.002083333333333333 0.004166666666666666
0.0020833333333333333 0.004166666666666667
0.0 0.002083333333333333
0.002083333333333333 0.004166666666666666
0.0020833333333333333 0.004166666666666667
-0.0020833333333333363 0.0
0.004166666666666666 0.006249999999999999
0.0020833333333333333 0.004166666666666667
0.0 0.002083333333333333
0.004166666666666666 0.006249999999999999
0.0020833333333333333 0.004166666666666667
-0.006250000000000002 -0.004166666666666669
0.002083333333333333 0.004166666666666666
0.004166666666666667 0.00625
-0.004166666666666669 -0.0020833333333333363
0.002083333333333333 0.004166666666666666
0.004166666666666667 0.00625
-0.006250000000000002 -0.004166666666666669
0.004166666666666666 0.006249999999999999
0.004166666666666667 0.00625
-0.004166666666666669 -0.0020833333333333363
0.004166666666666666 0.006249999999999999
0.004166666666666667 0.00625
-0.0020833333333333363 0.0
0.002083333333333333 0.004166666666666666
0.004166666666666667 0.00625
0.0 0.002083333333333333
0.002083333333333333 0.004166666666666666
0.004166666666666667 0.00625
-0.0020833333333333363 0.0
0.004166666666666666 0.006249999999999999
0.004166666666666667 0.00625
0.0 0.002083333333333333
0.004166666666666666 0.006249999999999999
0.004166666666666667 0.00625
0.002083333333333333 0.004166666666666666
0.002083333333333333 0.004166666666666666
0.0 0.0020833333333333333
0.004166666666666666 0.006249999999999999
0.002083333333333333 0.004166666666666666
0.0 0.0020833333333333333
0.002083333333333333 0.004166666666666666
0.004166666666666666 0.006249999999999999
0.0 0.0020833333333333333
0.004166666666666666 0.006249999999999999
0.004166666666666666 0.006249999999999999
0.0 0.0020833333333333333
0.002083333333333333 0.004166666666666666
0.002083333333333333 0.004166666666666666
0.0020833333333333333 0.004166666666666667
0.004166666666666666 0.006249999999999999
0.002083333333333333 0.004166666666666666
0.0020833333333333333 0.004166666666666667
0.002083333333333333 0.004166666666666666
0.004166666666666666 0.006249999999999999
0.0020833333333333333 0.004166666666666667
0.004166666666666666 0.006249999999999999
0.004166666666666666 0.006249999999999999
0.0020833333333333333 0.004166666666666667
0.002083333333333333 0.004166666666666666
0.002083333333333333 0.004166666666666666
0.004166666666666667 0.00625
0.004166666666666666 0.006249999999999999
0.002083333333333333 0.004166666666666666
0.004166666666666667 0.00625
0.002083333333333333 0.004166666666666666
0.004166666666666666 0.006249999999999999
0.004166666666666667 0.00625
0.004166666666666666 0.006249999999999999
0.004166666666666666 0.006249999999999999
0.004166666666666667 0.00625
-0.006250000000000002 -0.004166666666666669
-0.006250000000000002 -0.004166666666666669
0.00625 0.008333333333333333
-0.004166666666666669 -0.0020833333333333363
-0.006250000000000002 -0.004166666666666669
0.00625 0.008333333333333333
-0.006250000000000002 -0.004166666666666669
-0.004166666666666669 -0.0020833333333333363
0.00625 0.008333333333333333
-0.004166666666666669 -0.0020833333333333363
-0.004166666666666669 -0.0020833333333333363
0.00625 0.008333333333333333
-0.006250000000000002 -0.004166666666666669
-0.006250000000000002 -0.004166666666666669
0.008333333333333333 0.010416666666666666
-0.004166666666666669 -0.0020833333333333363
-0.006250000000000002 -0.004166666666666669
0.008333333333333333 0.010416666666666666
-0.006250000000000002 -0.004166666666666669
-0.004166666666666669 -0.0020833333333333363
0.008333333333333333 0.010416666666666666
-0.004166666666666669 -0.0020833333333333363
-0.004166666666666669 -0.0020833333333333363
0.008333333333333333 0.010416666666666666
-0.0020833333333333363 0.0
-0.006250000000000002 -0.004166666666666669
0.00625 0.008333333333333333
0.0 0.002083333333333333
-0.006250000000000002 -0.004166666666666669
0.00625 0.008333333333333333
-0.0020833333333333363 0.0
-0.004166666666666669 -0.0020833333333333363
0.00625 0.008333333333333333
0.0 0.002083333333333333
-0.004166666666666669 -0.0020833333333333363
0.00625 0.008333333333333333
-0.0020833333333333363 0.0
-0.006250000000000002 -0.004166666666666669
0.008333333333333333 0.010416666666666666
0.0 0.002083333333333333
-0.006250000000000002 -0.004166666666666669
0.008333333333333333 0.010416666666666666
-0.0020833333333333363 0.0
-0.004166666666666669 -0.0020833333333333363
0.008333333333333333 0.010416666666666666
0.0 0.002083333333333333
-0.004166666666666669 -0.0020833333333333363
0.008333333333333333 0.010416666666666666
-0.006250000000000002 -0.004166666666666669
-0.0020833333333333363 0.0
0.00625 0.008333333333333333
-0.004166666666666669 -0.0020833333333333363
-0.0020833333333333363 0.0
0.00625 0.008333333333333333
-0.006250000000000002 -0.004166666666666669
0.0 0.002083333333333333
0.00625 0.008333333333333333
-0.004166666666666669 -0.0020833333333333363
0.0 0.002083333333333333
0.00625 0.008333333333333333
-0.006250000000000002 -0.004166666666666669
-0.0020833333333333363 0.0
0.008333333333333333 0.010416666666666666
-0.004166666666666669 -0.0020833333333333363
-0.0020833333333333363 0.0
0.008333333333333333 0.010416666666666666
-0.006250000000000002 -0.004166666666666669
0.0 0.002083333333333333
0.008333333333333333 0.010416666666666666
-0.004166666666666669 -0.0020833333333333363
0.0 0.002083333333333333
0.008333333333333333 0.010416666666666666
-0.0020833333333333363 0.0
-0.0020833333333333363 0.0
0.00625 0.008333333333333333
0.0 0.002083333333333333
-0.0020833333333333363 0.0
0.00625 0.008333333333333333
-0.0020833333333333363 0.0
0.0 0.002083333333333333
0.00625 0.008333333333333333
0.0 0.002083333333333333
0.0 0.002083333333333333
0.00625 0.008333333333333333
-0.0020833333333333363 0.0
-0.0020833333333333363 0.0
0.008333333333333333 0.010416666666666666
0.0 0.002083333333333333
-0.0020833333333333363 0.0
0.008333333333333333 0.010416666666666666
-0.0020833333333333363 0.0
0.0 0.002083333333333333
0.008333333333333333 0.010416666666666666
0.0 0.002083333333333333
0.0 0.002083333333333333
0.008333333333333333 0.010416666666666666
0.002083333333333333 0.004166666666666666
-0.006250000000000002 -0.004166666666666669
0.00625 0.008333333333333333
0.004166666666666666 0.006249999999999999
-0.006250000000000002 -0.004166666666666669
0.00625 0.008333333333333333
0.002083333333333333 0.004166666666666666
-0.004166666666666669 -0.0020833333333333363
0.00625 0.008333333333333333
0.004166666666666666 0.006249999999999999
-0.004166666666666669 -0.0020833333333333363
0.00625 0.008333333333333333
0.002083333333333333 0.004166666666666666
-0.006250000000000002 -0.004166666666666669
0.008333333333333333 0.010416666666666666
0.004166666666666666 0.006249999999999999
-0.006250000000000002 -0.004166666666666669
0.008333333333333333 0.010416666666666666
0.002083333333333333 0.004166666666666666
-0.004166666666666669 -0.0020833333333333363
0.008333333333333333 0.010416666666666666
0.004166666666666666 0.006249999999999999
-0.004166666666666669 -0.0020833333333333363
0.008333333333333333 0.010416666666666666
0.002083333333333333 0.004166666666666666
-0.0020833333333333363 0.0
0.00625 0.008333333333333333
0.004166666666666666 0.006249999999999999
-0.0020833333333333363 0.0
0.00625 0.008333333333333333
0.002083333333333333 0.004166666666666666
0.0 0.002083333333333333
0.00625 0.008333333333333333
0.004166666666666666 0.006249999999999999
0.0 0.002083333333333333
0.00625 0.008333333333333333
0.002083333333333333 0.004166666666666666
-0.0020833333333333363 0.0
0.008333333333333333 0.010416666666666666
0.004166666666666666 0.006249999999999999
-0.0020833333333333363 0.0
0.008333333333333333 0.010416666666666666
0.002083333333333333 0.004166666666666666
0.0 0.002083333333333333
0.008333333333333333 0.010416666666666666
0.004166666666666666 0.006249999999999999
0.0 0.002083333333333333
0.008333333333333333 0.010416666666666666
-0.006250000000000002 -0.004166666666666669
0.002083333333333333 0.004166666666666666
0.00625 0.008333333333333333
-0.004166666666666669 -0.0020833333333333363
0.002083333333333333 0.004166666666666666
0.00625 0.008333333333333333
-0.006250000000000002 -0.004166666666666669
0.004166666666666666 0.006249999999999999
0.00625 0.008333333333333333
-0.004166666666666669 -0.0020833333333333363
0.004166666666666666 0.006249999999999999
0.00625 0.008333333333333333
-0.006250000000000002 -0.004166666666666669
0.002083333333333333 0.004166666666666666
0.008333333333333333 0.010416666666666666
-0.004166666666666669 -0.0020833333333333363
0.002083333333333333 0.004166666666666666
0.008333333333333333 0.010416666666666666
-0.006250000000000002 -0.004166666666666669
0.004166666666666666 0.006249999999999999
0.008333333333333333 0.010416666666666666
-0.004166666666666669 -0.0020833333333333363
0.004166666666666666 0.006249999999999999
0.008333333333333333 0.010416666666666666
-0.0020833333333333363 0.0
0.002083333333333333 0.004166666666666666
0.00625 0.008333333333333333
0.0 0.002083333333333333
0.002083333333333333 0.004166666666666666
0.00625 0.008333333333333333
-0.0020833333333333363 0.0
0.004166666666666666 0.006249999999999999
0.00625 0.008333333333333333
0.0 0.002083333333333333
0.004166666666666666 0.006249999999999999
0.00625 0.008333333333333333
-0.0020833333333333363 0.0
0.002083333333333333 0.004166666666666666
0.008333333333333333 0.010416666666666666
0.0 0.002083333333333333
0.002083333333333333 0.004166666666666666
0.008333333333333333 0.010416666666666666
-0.0020833333333333363 0.0
0.004166666666666666 0.006249999999999999
0.008333333333333333 0.010416666666666666
0.0 0.002083333333333333
0.004166666666666666 0.006249999999999999
0.008333333333333333 0.010416666666666666
0.002083333333333333 0.004166666666666666
0.002083333333333333 0.004166666666666666
0.00625 0.008333333333333333
0.004166666666666666 0.006249999999999999
0.002083333333333333 0.004166666666666666
0.00625 0.008333333333333333
0.002083333333333333 0.004166666666666666
0.004166666666666666 0.006249999999999999
0.00625 0.008333333333333333
0.004166666666666666 0.006249999999999999
0.004166666666666666 0.006249999999999999
0.00625 0.008333333333333333
0.002083333333333333 0.004166666666666666
0.002083333333333333 0.004166666666666666
0.008333333333333333 0.010416666666666666
0.004166666666666666 0.006249999999999999
0.002083333333333333 0.004166666666666666
0.008333333333333333 0.010416666666666666
0.002083333333333333 0.004166666666666666
0.004166666666666666 0.006249999999999999
0.008333333333333333 0.010416666666666666
0.004166666666666666 0.006249999999999999
0.004166666666666666 0.006249999999999999
0.008333333333333333 0.010416666666666666
Level_1/Cell
2 204 0.06960761876370207
4735
-0.004166666666666669 -0.0020833333333333363
-0.004166666666666669 -0.0031250000000000028
0.0 0.0010416666666666667
-0.004166666666666669 -0.0020833333333333363
-0.0031250000000000028 -0.0020833333333333363
0.0 0.0010416666666666667
-0.004166666666666669 -0.0020833333333333363
-0.004166666666666669 -0.0031250000000000028
0.0010416666666666667 0.0020833333333333333
-0.004166666666666669 -0.0020833333333333363
-0.0031250000000000028 -0.0020833333333333363
0.0010416666666666667 0.0020833333333333333
-0.0020833333333333363 0.0
-0.004166666666666669 -0.0031250000000000028
0.0 0.0010416666666666667
-0.0020833333333333363 0.0
-0.0031250000000000028 -0.0020833333333333363
0.0 0.0010416666666666667
-0.0020833333333333363 0.0
-0.004166666666666669 -0.0031250000000000028
0.0010416666666666667 0.0020833333333333333
-0.0020833333333333363 0.0
-0.0031250000000000028 -0.0020833333333333363
0.0010416666666666667 0.0020833333333333333
-0.004166666666666669 -0.0020833333333333363
-0.0020833333333333363 -0.00104166666666667
0.0 0.0010416666666666667
-0.004166666666666669 -0.0020833333333333363
-0.00104166666666667 0.0
0.0 0.0010416666666666667
-0.004166666666666669 -0.0020833333333333363
-0.0020833333333333363 -0.00104166666666667
0.0010416666666666667 0.0020833333333333333
-0.004166666666666669 -0.0020833333333333363
-0.00104166666666667 0.0
0.0010416666666666667 0.0020833333333333333
-0.0020833333333333363 0.0
-0.0020833333333333363 -0.00104166666666667
0.0 0.0010416666666666667
-0.0020833333333333363 0.0
-0.00104166666666667 0.0
0.0 0.0010416666666666667
-0.0020833333333333363 0.0
-0.0020833333333333363 -0.00104166666666667
0.0010416666666666667 0.0020833333333333333
-0.0020833333333333363 0.0
-0.00104166666666667 0.0
0.0010416666666666667 0.0020833333333333333
-0.004166666666666669 -0.0020833333333333363
-0.004166666666666669 -0.0031250000000000028
0.0020833333333333333 0.003125
-0.004166666666666669 -0.0020833333333333363
-0.0031250000000000028 -0.0020833333333333363
0.0020833333333333333 0.003125
-0.0020833333333333363 0.0
-0.004166666666666669 -0.0031250000000000028
0.0020833333333333333 0.003125
-0.0020833333333333363 0.0
-0.0031250000000000028 -0.0020833333333333363
0.0020833333333333333 0.003125
-0.004166666666666669 -0.0020833333333333363
-0.0020833333333333363 -0.00104166666666667
0.0020833333333333333 0.003125
-0.004166666666666669 -0.0020833333333333363
-0.00104166666666667 0.0
0.0020833333333333333 0.003125
-0.0020833333333333363 0.0
-0.0020833333333333363 -0.00104166666666667
0.0020833333333333333 0.003125
-0.0020833333333333363 0.0
-0.00104166666666667 0.0
0.0020833333333333333 0.003125
0.0 0.002083333333333333
-0.004166666666666669 -0.0031250000000000028
0.0 0.0010416666666666667
0.0 0.002083333333333333
-0.0031250000000000028 -0.0020833333333333363
0.0 0.0010416666666666667
0.0 0.002083333333333333
-0.004166666666666669 -0.0031250000000000028
0.0010416666666666667 0.0020833333333333333
0.0 0.002083333333333333
-0.0031250000000000028 -0.0020833333333333363
0.0010416666666666667 0.0020833333333333333
0.002083333333333333 0.004166666666666666
-0.004166666666666669 -0.0031250000000000028
0.0 0.0010416666666666667
0.002083333333333333 0.004166666666666666
-0.0031250000000000028 -0.0020833333333333363
0.0 0.0010416666666666667
0.002083333333333333 0.004166666666666666
-0.004166666666666669 -0.0031250000000000028
0.0010416666666666667 0.0020833333333333333
0.002083333333333333 0.004166666666666666
-0.0031250000000000028 -0.0020833333333333363
0.0010416666666666667 0.0020833333333333333
0.0 0.002083333333333333
-0.0020833333333333363 -0.00104166666666667
0.0 0.0010416666666666667
0.0 0.002083333333333333
-0.00104166666666667 0.0
0.0 0.0010416666666666667
0.0 0.002083333333333333
-0.0020833333333333363 -0.00104166666666667
0.0010416666666666667 0.0020833333333333333
0.0 0.002083333333333333
-0.00104166666666667 0.0
0.0010416666666666667 0.0020833333333333333
0.002083333333333333 0.004166666666666666
-0.0020833333333333363 -0.00104166666666667
0.0 0.0010416666666666667
0.002083333333333333 0.004166666666666666
-0.00104166666666667 0.0
0.0 0.0010416666666666667
0.002083333333333333 0.004166666666666666
-0.0020833333333333363 -0.00104166666666667
0.0010416666666666667 0.0020833333333333333
0.002083333333333333 0.004166666666666666
-0.00104166666666667 0.0
0.0010416666666666667 0.0020833333333333333
0.0 0.002083333333333333
-0.004166666666666669 -0.0031250000000000028
0.0020833333333333333 0.003125
0.0 0.002083333333333333
-0.0031250000000000028 -0.0020833333333333363
0.0020833333333333333 0.003125
0.002083333333333333 0.004166666666666666
-0.004166666666666669 -0.0031250000000000028
0.0020833333333333333 0.003125
0.002083333333333333 0.004166666666666666
-0.0031250000000000028 -0.0020833333333333363
0.0020833333333333333 0.003125
0.0 0.002083333333333333
-0.0020833333333333363 -0.00104166666666667
0.0020833333333333333 0.003125
0.0 0.002083333333333333
-0.00104166666666667 0.0
0.0020833333333333333 0.003125
0.002083333333333333 0.004166666666666666
-0.0020833333333333363 -0.00104166666666667
0.0020833333333333333 0.003125
0.002083333333333333 0.004166666666666666
-0.00104166666666667 0.0
0.0020833333333333333 0.003125
-0.004166666666666669 -0.0020833333333333363
0.0 0.0010416666666666664
0.0 0.0010416666666666667
-0.004166666666666669 -0.0020833333333333363
0.0010416666666666664 0.002083333333333333
0.0 0.0010416666666666667
-0.004166666666666669 -0.0020833333333333363
0.0 0.0010416666666666664
0.0010416666666666667 0.0020833333333333333
-0.004166666666666669 -0.0020833333333333363
0.0010416666666666664 0.002083333333333333
0.0010416666666666667 0.0020833333333333333
-0.0020833333333333363 0.0
0.0 0.0010416666666666664
0.0 0.0010416666666666667
-0.0020833333333333363 0.0
0.0010416666666666664 0.002083333333333333
0.0 0.0010416666666666667
-0.0020833333333333363 0.0
0.0 0.0010416666666666664
0.0010416666666666667 0.0020833333333333333
-0.0020833333333333363 0.0
0.0010416666666666664 0.002083333333333333
0.0010416666666666667 0.0020833333333333333
-0.004166666666666669 -0.0020833333333333363
0.002083333333333333 0.0031249999999999993
0.0 0.0010416666666666667
-0.004166666666666669 -0.0020833333333333363
0.0031249999999999993 0.004166666666666666
0.0 0.0010416666666666667
-0.004166666666666669 -0.0020833333333333363
0.002083333333333333 0.0031249999999999993
0.0010416666666666667 0.0020833333333333333
-0.004166666666666669 -0.0020833333333333363
0.0031249999999999993 0.004166666666666666
0.0010416666666666667 0.0020833333333333333
-0.0020833333333333363 0.0
0.002083333333333333 0.0031249999999999993
0.0 0.0010416666666666667
-0.0020833333333333363 0.0
0.0031249999999999993 0.004166666666666666
0.0 0.0010416666666666667
-0.0020833333333333363 0.0
0.002083333333333333 0.0031249999999999993
0.0010416666666666667 0.0020833333333333333
-0.0020833333333333363 0.0
0.0031249999999999993 0.004166666666666666
0.0010416666666666667 0.0020833333333333333
-0.004166666666666669 -0.0020833333333333363
0.0 0.0010416666666666664
0.0020833333333333333 0.003125
-0.004166666666666669 -0.0020833333333333363
0.0010416666666666664 0.002083333333333333
0.0020833333333333333 0.003125
-0.0020833333333333363 0.0
0.0 0.0010416666666666664
0.0020833333333333333 0.003125
-0.0020833333333333363 0.0
0.0010416666666666664 0.002083333333333333
0.0020833333333333333 0.003125
-0.004166666666666669 -0.0020833333333333363
0.002083333333333333 0.0031249999999999993
0.0020833333333333333 0.003125
-0.004166666666666669 -0.0020833333333333363
0.0031249999999999993 0.004166666666666666
0.0020833333333333333 0.003125
-0.0020833333333333363 0.0
0.002083333333333333 0.0031249999999999993
0.0020833333333333333 0.003125
-0.0020833333333333363 0.0
0.0031249999999999993 0.004166666666666666
0.0020833333333333333 0.003125
0.0 0.002083333333333333
0.0 0.0010416666666666664
0.0 0.0010416666666666667
0.0 0.002083333333333333
0.0010416666666666664 0.002083333333333333
0.0 0.0010416666666666667
0.0 0.002083333333333333
0.0 0.0010416666666666664
0.0010416666666666667 0.0020833333333333333
0.0 0.002083333333333333
0.0010416666666666664 0.002083333333333333
0.0010416666666666667 0.0020833333333333333
0.002083333333333333 0.004166666666666666
0.0 0.0010416666666666664
0.0 0.0010416666666666667
0.002083333333333333 0.004166666666666666
0.0010416666666666664 0.002083333333333333
0.0 0.0010416666666666667
0.002083333333333333 0.004166666666666666
0.0 0.0010416666666666664
0.0010416666666666667 0.0020833333333333333
0.002083333333333333 0.004166666666666666
0.0010416666666666664 0.002083333333333333
0.0010416666666666667 0.0020833333333333333
0.0 0.002083333333333333
0.002083333333333333 0.0031249999999999993
0.0 0.0010416666666666667
0.0 0.002083333333333333
0.0031249999999999993 0.004166666666666666
0.0 0.0010416666666666667
0.0 0.002083333333333333
0.002083333333333333 0.0031249999999999993
0.0010416666666666667 0.0020833333333333333
0.0 0.002083333333333333
0.0031249999999999993 0.004166666666666666
0.0010416666666666667 0.0020833333333333333
0.002083333333333333 0.004166666666666666
0.002083333333333333 0.0031249999999999993
0.0 0.0010416666666666667
0.002083333333333333 0.004166666666666666
0.0031249999999999993 0.004166666666666666
0.0 0.0010416666666666667
0.002083333333333333 0.004166666666666666
0.002083333333333333 0.0031249999999999993
0.0010416666666666667 0.0020833333333333333
0.002083333333333333 0.004166666666666666
0.0031249999999999993 0.004166666666666666
0.0010416666666666667 0.0020833333333333333
0.0 0.002083333333333333
0.0 0.0010416666666666664
0.0020833333333333333 0.003125
0.0 0.002083333333333333
0.0010416666666666664 0.002083333333333333
0.0020833333333333333 0.003125
0.002083333333333333 0.004166666666666666
0.0 0.0010416666666666664
0.0020833333333333333 0.003125
0.002083333333333333 0.004166666666666666
0.0010416666666666664 0.002083333333333333
0.0020833333333333333 0.003125
0.0 0.002083333333333333
0.002083333333333333 0.0031249999999999993
0.0020833333333333333 0.003125
0.0 0.002083333333333333
0.0031249999999999993 0.004166666666666666
0.0020833333333333333 0.003125
0.002083333333333333 0.004166666666666666
0.002083333333333333 0.0031249999999999993
0.0020833333333333333 0.003125
0.002083333333333333 0.004166666666666666
0.0031249999999999993 0.004166666666666666
0.0020833333333333333 0.003125
-0.0031250000000000028 -0.00104166666666667
-0.0031250000000000028 -0.0020833333333333363
0.003125 0.004166666666666667
-0.0031250000000000028 -0.00104166666666667
-0.0020833333333333363 -0.00104166666666667
0.003125 0.004166666666666667
-0.0031250000000000028 -0.00104166666666667
-0.0031250000000000028 -0.0020833333333333363
0.004166666666666667 0.005208333333333333
-0.0031250000000000028 -0.00104166666666667
-0.0020833333333333363 -0.00104166666666667
0.004166666666666667 0.005208333333333333
-0.00104166666666667 0.0010416666666666664
-0.0031250000000000028 -0.0020833333333333363
0.003125 0.004166666666666667
-0.00104166666666667 0.0010416666666666664
-0.0020833333333333363 -0.00104166666666667
0.003125 0.004166666666666667
-0.00104166666666667 0.0010416666666666664
-0.0031250000000000028 -0.0020833333333333363
0.004166666666666667 0.005208333333333333
-0.00104166666666667 0.0010416666666666664
-0.0020833333333333363 -0.00104166666666667
0.004166666666666667 0.005208333333333333
-0.0031250000000000028 -0.00104166666666667
-0.00104166666666667 0.0
0.003125 0.004166666666666667
-0.0031250000000000028 -0.00104166666666667
0.0 0.0010416666666666664
0.003125 0.004166666666666667
-0.0031250000000000028 -0.00104166666666667
-0.00104166666666667 0.0
0.004166666666666667 0.005208333333333333
-0.0031250000000000028 -0.00104166666666667
0.0 0.0010416666666666664
0.004166666666666667 0.005208333333333333
-0.00104166666666667 0.0010416666666666664
-0.00104166666666667 0.0
0.003125 0.004166666666666667
-0.00104166666666667 0.0010416666666666664
0.0 0.0010416666666666664
0.003125 0.004166666666666667
-0.00104166666666667 0.0010416666666666664
-0.00104166666666667 0.0
0.004166666666666667 0.005208333333333333
-0.00104166666666667 0.0010416666666666664
0.0 0.0010416666666666664
0.004166666666666667 0.005208333333333333
-0.0031250000000000028 -0.00104166666666667
-0.0031250000000000028 -0.0020833333333333363
0.005208333333333333 0.00625
-0.0031250000000000028 -0.00104166666666667
-0.0020833333333333363 -0.00104166666666667
0.005208333333333333 0.00625
-0.0031250000000000028 -0.00104166666666667
-0.0031250000000000028 -0.0020833333333333363
0.00625 0.007291666666666667
-0.0031250000000000028 -0.00104166666666667
-0.0020833333333333363 -0.00104166666666667
0.00625 0.007291666666666667
-0.00104166666666667 0.0010416666666666664
-0.0031250000000000028 -0.0020833333333333363
0.005208333333333333 0.00625
-0.00104166666666667 0.0010416666666666664
-0.0020833333333333363 -0.00104166666666667
0.005208333333333333 0.00625
-0.00104166666666667 0.0010416666666666664
-0.0031250000000000028 -0.0020833333333333363
0.00625 0.007291666666666667
-0.00104166666666667 0.0010416666666666664
-0.0020833333333333363 -0.00104166666666667
0.00625 0.007291666666666667
-0.0031250000000000028 -0.00104166666666667
-0.00104166666666667 0.0
0.005208333333333333 0.00625
-0.0031250000000000028 -0.00104166666666667
0.0 0.0010416666666666664
0.005208333333333333 0.00625
-0.0031250000000000028 -0.00104166666666667
-0.00104166666666667 0.0
0.00625 0.007291666666666667
-0.0031250000000000028 -0.00104166666666667
0.0 0.0010416666666666664
0.00625 0.007291666666666667
-0.00104166666666667 0.0010416666666666664
-0.00104166666666667 0.0
0.005208333333333333 0.00625
-0.00104166666666667 0.0010416666666666664
0.0 0.0010416666666666664
0.005208333333333333 0.00625
-0.00104166666666667 0.0010416666666666664
-0.00104166666666667 0.0
0.00625 0.007291666666666667
-0.00104166666666667 0.0010416666666666664
0.0 0.0010416666666666664
0.00625 0.007291666666666667
0.0010416666666666664 0.0031249999999999993
-0.0031250000000000028 -0.0020833333333333363
0.003125 0.004166666666666667
0.0010416666666666664 0.0031249999999999993
-0.0020833333333333363 -0.00104166666666667
0.003125 0.004166666666666667
0.0010416666666666664 0.0031249999999999993
-0.0031250000000000028 -0.0020833333333333363
0.004166666666666667 0.005208333333333333
0.0010416666666666664 0.0031249999999999993
-0.0020833333333333363 -0.00104166666666667
0.004166666666666667 0.005208333333333333
0.0010416666666666664 0.0031249999999999993
-0.00104166666666667 0.0
0.003125 0.004166666666666667
0.0010416666666666664 0.0031249999999999993
0.0 0.0010416666666666664
0.003125 0.004166666666666667
0.0010416666666666664 0.0031249999999999993
-0.00104166666666667 0.0
0.004166666666666667 0.005208333333333333
0.0010416666666666664 0.0031249999999999993
0.0 0.0010416666666666664
0.004166666666666667 0.005208333333333333
0.0010416666666666664 0.0031249999999999993
-0.0031250000000000028 -0.0020833333333333363
0.005208333333333333 0.00625
0.0010416666666666664 0.0031249999999999993
-0.0020833333333333363 -0.00104166666666667
0.005208333333333333 0.00625
0.0010416666666666664 0.0031249999999999993
-0.0031250000000000028 -0.0020833333333333363
0.00625 0.007291666666666667
0.0010416666666666664 0.0031249999999999993
-0.0020833333333333363 -0.00104166666666667
0.00625 0.007291666666666667
0.0010416666666666664 0.0031249999999999993
-0.00104166666666667 0.0
0.005208333333333333 0.00625
0.0010416666666666664 0.0031249999999999993
0.0 0.0010416666666666664
0.005208333333333333 0.00625
0.0010416666666666664 0.0031249999999999993
-0.00104166666666667 0.0
0.00625 0.007291666666666667
0.0010416666666666664 0.0031249999999999993
0.0 0.0010416666666666664
0.00625 0.007291666666666667
-0.0031250000000000028 -0.00104166666666667
0.0010416666666666664 0.002083333333333333
0.003125 0.004166666666666667
-0.0031250000000000028 -0.00104166666666667
0.002083333333333333 0.0031249999999999993
0.003125 0.004166666666666667
-0.0031250000000000028 -0.00104166666666667
0.0010416666666666664 0.002083333333333333
0.004166666666666667 0.005208333333333333
-0.0031250000000000028 -0.00104166666666667
0.002083333333333333 0.0031249999999999993
0.004166666666666667 0.005208333333333333
-0.00104166666666667 0.0010416666666666664
0.0010416666666666664 0.002083333333333333
0.003125 0.004166666666666667
-0.00104166666666667 0.0010416666666666664
0.002083333333333333 0.0031249999999999993
0.003125 0.004166666666666667
-0.00104166666666667 0.0010416666666666664
0.0010416666666666664 0.002083333333333333
0.004166666666666667 0.005208333333333333
-0.00104166666666667 0.0010416666666666664
0.002083333333333333 0.0031249999999999993
0.004166666666666667 0.005208333333333333
-0.0031250000000000028 -0.00104166666666667
0.0010416666666666664 0.002083333333333333
0.005208333333333333 0.00625
-0.0031250000000000028 -0.00104166666666667
0.002083333333333333 0.0031249999999999993
0.005208333333333333 0.00625
-0.0031250000000000028 -0.00104166666666667
0.0010416666666666664 0.002083333333333333
0.00625 0.007291666666666667
-0.0031250000000000028 -0.00104166666666667
0.002083333333333333 0.0031249999999999993
0.00625 0.007291666666666667
-0.00104166666666667 0.0010416666666666664
0.0010416666666666664 0.002083333333333333
0.005208333333333333 0.00625
-0.00104166666666667 0.0010416666666666664
0.002083333333333333 0.0031249999999999993
0.005208333333333333 0.00625
-0.00104166666666667 0.0010416666666666664
0.0010416666666666664 0.002083333333333333
0.00625 0.007291666666666667
-0.00104166666666667 0.0010416666666666664
0.002083333333333333 0.0031249999999999993
0.00625 0.007291666666666667
0.0010416666666666664 0.0031249999999999993
0.0010416666666666664 0.002083333333333333
0.003125 0.004166666666666667
0.0010416666666666664 0.0031249999999999993
0.002083333333333333 0.0031249999999999993
0.003125 0.004166666666666667
0.0010416666666666664 0.0031249999999999993
0.0010416666666666664 0.002083333333333333
0.004166666666666667 0.005208333333333333
0.0010416666666666664 0.0031249999999999993
0.002083333333333333 0.0031249999999999993
0.004166666666666667 0.005208333333333333
0.0010416666666666664 0.0031249999999999993
0.0010416666666666664 0.002083333333333333
0.005208333333333333 0.00625
0.0010416666666666664 0.0031249999999999993
0.002083333333333333 0.0031249999999999993
0.005208333333333333 0.00625
0.0010416666666666664 0.0031249999999999993
0.0010416666666666664 0.002083333333333333
0.00625 0.007291666666666667
0.0010416666666666664 0.0031249999999999993
0.002083333333333333 0.0031249999999999993
0.00625 0.007291666666666667
-0.0031250000000000028 -0.00104166666666667
-0.0031250000000000028 -0.0020833333333333363
0.007291666666666667 0.008333333333333333
-0.0031250000000000028 -0.00104166666666667
-0.0020833333333333363 -0.00104166666666667
0.007291666666666667 0.008333333333333333
-0.0031250000000000028 -0.00104166666666667
-0.0031250000000000028 -0.0020833333333333363
0.008333333333333333 0.009375
-0.0031250000000000028 -0.00104166666666667
-0.0020833333333333363 -0.00104166666666667
0.008333333333333333 0.009375
-0.00104166666666667 0.0010416666666666664
-0.0031250000000000028 -0.0020833333333333363
0.007291666666666667 0.008333333333333333
-0.00104166666666667 0.0010416666666666664
-0.0020833333333333363 -0.00104166666666667
0.007291666666666667 0.008333333333333333
-0.00104166666666667 0.0010416666666666664
-0.0031250000000000028 -0.0020833333333333363
0.008333333333333333 0.009375
-0.00104166666666667 0.0010416666666666664
-0.0020833333333333363 -0.00104166666666667
0.008333333333333333 0.009375
-0.0031250000000000028 -0.00104166666666667
-0.00104166666666667 0.0
0.007291666666666667 0.008333333333333333
-0.0031250000000000028 -0.00104166666666667
0.0 0.0010416666666666664
0.007291666666666667 0.008333333333333333
-0.0031250000000000028 -0.00104166666666667
-0.00104166666666667 0.0
0.008333333333333333 0.009375
-0.0031250000000000028 -0.00104166666666667
0.0 0.0010416666666666664
0.008333333333333333 0.009375
-0.00104166666666667 0.0010416666666666664
-0.00104166666666667 0.0
0.007291666666666667 0.008333333333333333
-0.00104166666666667 0.0010416666666666664
0.0 0.0010416666666666664
0.007291666666666667 0.008333333333333333
-0.00104166666666667 0.0010416666666666664
-0.00104166666666667 0.0
0.008333333333333333 0.009375
-0.00104166666666667 0.0010416666666666664
0.0 0.0010416666666666664
0.008333333333333333 0.009375
0.0010416666666666664 0.0031249999999999993
-0.0031250000000000028 -0.0020833333333333363
0.007291666666666667 0.008333333333333333
0.0010416666666666664 0.0031249999999999993
-0.0020833333333333363 -0.00104166666666667
0.007291666666666667 0.008333333333333333
0.0010416666666666664 0.0031249999999999993
-0.0031250000000000028 -0.0020833333333333363
0.008333333333333333 0.009375
0.0010416666666666664 0.0031249999999999993
-0.0020833333333333363 -0.00104166666666667
0.008333333333333333 0.009375
0.0010416666666666664 0.0031249999999999993
-0.00104166666666667 0.0
0.007291666666666667 0.008333333333333333
0.0010416666666666664 0.0031249999999999993
0.0 0.0010416666666666664
0.007291666666666667 0.008333333333333333
0.0010416666666666664 0.0031249999999999993
-0.00104166666666667 0.0
0.008333333333333333 0.009375
0.0010416666666666664 0.0031249999999999993
0.0 0.0010416666666666664
0.008333333333333333 0.009375
-0.0031250000000000028 -0.00104166666666667
0.0010416666666666664 0.002083333333333333
0.007291666666666667 0.008333333333333333
-0.0031250000000000028 -0.00104166666666667
0.002083333333333333 0.0031249999999999993
0.007291666666666667 0.008333333333333333
-0.0031250000000000028 -0.00104166666666667
0.0010416666666666664 0.002083333333333333
0.008333333333333333 0.009375
-0.0031250000000000028 -0.00104166666666667
0.002083333333333333 0.0031249999999999993
0.008333333333333333 0.009375
-0.00104166666666667 0.0010416666666666664
0.0010416666666666664 0.002083333333333333
0.007291666666666667 0.008333333333333333
-0.00104166666666667 0.0010416666666666664
0.002083333333333333 0.0031249999999999993
0.007291666666666667 0.008333333333333333
-0.00104166666666667 0.0010416666666666664
0.0010416666666666664 0.002083333333333333
0.008333333333333333 0.009375
-0.00104166666666667 0.0010416666666666664
0.002083333333333333 0.0031249999999999993
0.008333333333333333 0.009375
0.0010416666666666664 0.0031249999999999993
0.0010416666666666664 0.002083333333333333
0.007291666666666667 0.008333333333333333
0.0010416666666666664 0.0031249999999999993
0.002083333333333333 0.0031249999999999993
0.007291666666666667 0.008333333333333333
0.0010416666666666664 0.0031249999999999993
0.0010416666666666664 0.002083333333333333
0.008333333333333333 0.009375
0.0010416666666666664 0.0031249999999999993
0.002083333333333333 0.0031249999999999993
0.008333333333333333 0.009375
Level_2/Cell
